[[1.00000000e+00 2.00000000e+01 1.18500465e-02 1.91668192e-01
  3.74129608e-01 7.22021939e+03 5.98019335e-03]
 [2.00000000e+00 4.00000000e+01 1.18500465e-02 1.91668192e-01
  3.74129608e-01 7.76517319e+03 2.98229466e-03]
 [3.00000000e+00 6.00000000e+01 1.18500465e-02 1.91668192e-01
  3.74129608e-01 7.76517319e+03 2.98229466e-03]
 [4.00000000e+00 8.00000000e+01 1.18500465e-02 1.91668192e-01
  3.74129608e-01 1.66870617e+04 2.05845934e-03]
 [5.00000000e+00 1.00000000e+02 1.18312724e-02 4.47285659e-01
  4.26802974e-01 9.25803337e+03 2.07723338e-03]
 [6.00000000e+00 1.20000000e+02 1.18312724e-02 4.47285659e-01
  4.26802974e-01 8.21625770e+03 1.20590578e-03]
 [7.00000000e+00 1.40000000e+02 1.18312724e-02 4.47285659e-01
  4.26802974e-01 8.21625770e+03 1.20590578e-03]
 [8.00000000e+00 1.60000000e+02 1.18312724e-02 4.47285659e-01
  4.26802974e-01 8.21625770e+03 1.20590578e-03]
 [9.00000000e+00 1.80000000e+02 1.18312724e-02 4.47285659e-01
  4.26802974e-01 8.21625770e+03 1.20590578e-03]
 [1.00000000e+01 2.00000000e+02 1.17967232e-02 6.46309733e-01
  3.74590390e-01 1.05746343e+04 1.24045507e-03]
 [1.10000000e+01 2.20000000e+02 1.17967232e-02 6.46309733e-01
  3.74590390e-01 1.05746343e+04 1.24045507e-03]
 [1.20000000e+01 2.40000000e+02 1.17967232e-02 6.46309733e-01
  3.74590390e-01 1.08516035e+04 1.21579740e-03]
 [1.30000000e+01 2.60000000e+02 1.17967232e-02 6.46309733e-01
  3.74590390e-01 1.10929249e+04 7.54788652e-04]
 [1.40000000e+01 2.80000000e+02 1.16966907e-02 3.17537361e-01
  2.89744967e-01 1.18461579e+04 8.54821145e-04]
 [1.50000000e+01 3.00000000e+02 1.16966907e-02 3.17537361e-01
  2.89744967e-01 7.33796123e+03 7.38038465e-04]
 [1.60000000e+01 3.20000000e+02 1.15787970e-02 1.91668192e-01
  9.06701834e-01 9.80952228e+03 8.55932124e-04]
 [1.70000000e+01 3.40000000e+02 1.14334041e-02 6.46309733e-01
  3.74590390e-01 7.44427866e+03 1.00132498e-03]
 [1.80000000e+01 3.60000000e+02 1.14334041e-02 6.46309733e-01
  3.74590390e-01 7.44427866e+03 1.00132498e-03]
 [1.90000000e+01 3.80000000e+02 1.14334041e-02 6.46309733e-01
  3.74590390e-01 6.46359581e+03 1.00053477e-03]
 [2.00000000e+01 4.00000000e+02 1.14334041e-02 6.46309733e-01
  3.74590390e-01 6.46359581e+03 1.00053477e-03]
 [2.10000000e+01 4.20000000e+02 1.14334041e-02 6.46309733e-01
  3.74590390e-01 6.46359581e+03 1.00053477e-03]
 [2.20000000e+01 4.40000000e+02 1.14334041e-02 6.46309733e-01
  3.74590390e-01 6.46359581e+03 1.00053477e-03]
 [2.30000000e+01 4.60000000e+02 1.14334041e-02 6.46309733e-01
  3.74590390e-01 6.46359581e+03 1.00053477e-03]
 [2.40000000e+01 4.80000000e+02 1.14334041e-02 6.46309733e-01
  3.74590390e-01 6.46359581e+03 1.00053477e-03]
 [2.50000000e+01 5.00000000e+02 1.14334041e-02 6.46309733e-01
  3.74590390e-01 6.46359581e+03 1.00053477e-03]
 [2.60000000e+01 5.20000000e+02 1.13517663e-02 2.39520227e-01
  9.56227395e-01 6.38682253e+03 1.08217266e-03]
 [2.70000000e+01 5.40000000e+02 1.13517663e-02 2.39520227e-01
  9.56227395e-01 6.38682253e+03 1.08217266e-03]
 [2.80000000e+01 5.60000000e+02 1.13517663e-02 2.39520227e-01
  9.56227395e-01 8.45225373e+03 5.94233561e-04]
 [2.90000000e+01 5.80000000e+02 1.13487909e-02 2.39520227e-01
  9.56227395e-01 8.97343415e+03 5.97208882e-04]
 [3.00000000e+01 6.00000000e+02 1.13206402e-02 4.47285659e-01
  4.26802974e-01 8.16818194e+03 6.25359615e-04]
 [3.10000000e+01 6.20000000e+02 1.13206402e-02 4.47285659e-01
  4.26802974e-01 5.85029509e+03 6.12836528e-04]
 [3.20000000e+01 6.40000000e+02 1.13206402e-02 4.47285659e-01
  4.26802974e-01 9.58770574e+03 6.11828941e-04]
 [3.30000000e+01 6.60000000e+02 1.12717455e-02 4.47285659e-01
  4.26802974e-01 1.04457205e+04 6.60723633e-04]
 [3.40000000e+01 6.80000000e+02 1.12717455e-02 4.47285659e-01
  4.26802974e-01 1.04457205e+04 6.60723633e-04]
 [3.50000000e+01 7.00000000e+02 1.12717455e-02 4.47285659e-01
  4.26802974e-01 1.28855996e+04 5.78300972e-04]
 [3.60000000e+01 7.20000000e+02 1.12717455e-02 4.47285659e-01
  4.26802974e-01 1.28855996e+04 5.78300972e-04]
 [3.70000000e+01 7.40000000e+02 1.12717455e-02 4.47285659e-01
  4.26802974e-01 1.28855996e+04 5.78300972e-04]
 [3.80000000e+01 7.60000000e+02 1.12717455e-02 4.47285659e-01
  4.26802974e-01 1.28855996e+04 5.78300972e-04]
 [3.90000000e+01 7.80000000e+02 1.12605585e-02 4.47285659e-01
  4.26802974e-01 8.31753385e+03 5.80917297e-04]
 [4.00000000e+01 8.00000000e+02 1.12605585e-02 4.47285659e-01
  4.26802974e-01 8.31753385e+03 5.80917297e-04]
 [4.10000000e+01 8.20000000e+02 1.12605585e-02 4.47285659e-01
  4.26802974e-01 8.31753385e+03 5.80917297e-04]
 [4.20000000e+01 8.40000000e+02 1.12605585e-02 4.47285659e-01
  4.26802974e-01 1.12809803e+04 5.12046618e-04]
 [4.30000000e+01 8.60000000e+02 1.11745931e-02 4.47285659e-01
  4.26802974e-01 1.03327671e+04 5.94440445e-04]
 [4.40000000e+01 8.80000000e+02 1.11745931e-02 4.47285659e-01
  4.26802974e-01 1.03327671e+04 5.94440445e-04]
 [4.50000000e+01 9.00000000e+02 1.11562076e-02 4.47285659e-01
  4.26802974e-01 1.05196146e+04 6.12825899e-04]
 [4.60000000e+01 9.20000000e+02 1.11562076e-02 4.47285659e-01
  4.26802974e-01 1.05196146e+04 6.12825899e-04]
 [4.70000000e+01 9.40000000e+02 1.11562076e-02 4.47285659e-01
  4.26802974e-01 1.05196146e+04 6.12825899e-04]
 [4.80000000e+01 9.60000000e+02 1.11562076e-02 4.47285659e-01
  4.26802974e-01 1.05168248e+04 6.12825899e-04]
 [4.90000000e+01 9.80000000e+02 1.11562076e-02 4.47285659e-01
  4.26802974e-01 1.05168248e+04 6.12825899e-04]
 [5.00000000e+01 1.00000000e+03 1.11562076e-02 4.47285659e-01
  4.26802974e-01 8.54592004e+03 5.86328516e-04]]