[[1.00000000e+00 2.00000000e+01 1.21868695e-02 2.04830914e-01
  2.66581516e-02 2.46030826e+00]
 [2.00000000e+00 4.00000000e+01 1.16511698e-02 1.45114148e-01
  2.58559908e-02 2.22945441e+00]
 [3.00000000e+00 6.00000000e+01 1.15512317e-02 1.40797555e-01
  1.23315097e-02 1.74549584e+00]
 [4.00000000e+00 8.00000000e+01 1.13870494e-02 1.40346902e-01
  1.19726405e-02 1.55618052e+00]
 [5.00000000e+00 1.00000000e+02 1.13371458e-02 9.34894354e-02
  1.17905672e-02 1.49705349e+00]
 [6.00000000e+00 1.20000000e+02 1.13157350e-02 1.36956493e-01
  1.16343725e-02 1.38850704e+00]
 [7.00000000e+00 1.40000000e+02 1.12249197e-02 1.05025279e-01
  1.15056063e-02 1.26352764e+00]
 [8.00000000e+00 1.60000000e+02 1.12249197e-02 1.24018436e-01
  1.14145162e-02 1.22428694e+00]
 [9.00000000e+00 1.80000000e+02 1.12249197e-02 8.41253440e-02
  1.14024301e-02 1.16078492e+00]
 [1.00000000e+01 2.00000000e+02 1.11707367e-02 6.71588717e-02
  1.13449622e-02 1.02794397e+00]
 [1.10000000e+01 2.20000000e+02 1.11304079e-02 8.52683757e-02
  1.13081512e-02 9.73257425e-01]
 [1.20000000e+01 2.40000000e+02 1.11304079e-02 7.81338906e-02
  1.12931301e-02 9.69893829e-01]
 [1.30000000e+01 2.60000000e+02 1.11226742e-02 6.13080294e-02
  1.12258897e-02 9.10448809e-01]
 [1.40000000e+01 2.80000000e+02 1.11116361e-02 5.55784536e-02
  1.11876546e-02 8.98289518e-01]
 [1.50000000e+01 3.00000000e+02 1.11014594e-02 4.99084403e-02
  1.11576999e-02 8.20024726e-01]
 [1.60000000e+01 3.20000000e+02 1.10807621e-02 5.84469973e-02
  1.11489834e-02 7.11392423e-01]
 [1.70000000e+01 3.40000000e+02 1.10807621e-02 3.04796779e-02
  1.11395023e-02 6.59855942e-01]
 [1.80000000e+01 3.60000000e+02 1.10807621e-02 4.29852708e-02
  1.11294456e-02 7.38577480e-01]
 [1.90000000e+01 3.80000000e+02 1.10807621e-02 4.10569410e-02
  1.11279137e-02 7.58029731e-01]
 [2.00000000e+01 4.00000000e+02 1.10807621e-02 2.73099410e-02
  1.11254221e-02 6.16902781e-01]
 [2.10000000e+01 4.20000000e+02 1.10807621e-02 3.94895135e-02
  1.11216754e-02 6.04905308e-01]
 [2.20000000e+01 4.40000000e+02 1.10807621e-02 3.34519516e-02
  1.11205908e-02 5.40496623e-01]
 [2.30000000e+01 4.60000000e+02 1.10719187e-02 3.90283277e-02
  1.11181768e-02 5.78711152e-01]
 [2.40000000e+01 4.80000000e+02 1.10719187e-02 3.66787169e-02
  1.11075304e-02 6.39497183e-01]
 [2.50000000e+01 5.00000000e+02 1.10719187e-02 3.45433408e-02
  1.11044207e-02 5.73784212e-01]
 [2.60000000e+01 5.20000000e+02 1.10632623e-02 4.34738279e-02
  1.10963410e-02 4.79175893e-01]
 [2.70000000e+01 5.40000000e+02 1.10527211e-02 3.91479873e-02
  1.10940173e-02 4.63487710e-01]
 [2.80000000e+01 5.60000000e+02 1.10527211e-02 2.75791441e-02
  1.10835746e-02 5.10173686e-01]
 [2.90000000e+01 5.80000000e+02 1.10527211e-02 3.06393778e-02
  1.10828695e-02 5.22485322e-01]
 [3.00000000e+01 6.00000000e+02 1.10469480e-02 3.59542585e-02
  1.10794775e-02 5.73642569e-01]
 [3.10000000e+01 6.20000000e+02 1.10469480e-02 3.07534537e-02
  1.10719182e-02 5.17129485e-01]
 [3.20000000e+01 6.40000000e+02 1.10356897e-02 2.73945153e-02
  1.10622742e-02 4.30147896e-01]
 [3.30000000e+01 6.60000000e+02 1.10356897e-02 2.53038457e-02
  1.10604648e-02 4.83752712e-01]
 [3.40000000e+01 6.80000000e+02 1.10356897e-02 2.17501107e-02
  1.10604648e-02 4.56337128e-01]
 [3.50000000e+01 7.00000000e+02 1.10356897e-02 3.19217105e-02
  1.10581013e-02 3.91807820e-01]
 [3.60000000e+01 7.20000000e+02 1.10342348e-02 3.02293969e-02
  1.10571817e-02 4.57322284e-01]
 [3.70000000e+01 7.40000000e+02 1.10342348e-02 2.55543163e-02
  1.10540927e-02 4.48216509e-01]
 [3.80000000e+01 7.60000000e+02 1.10342348e-02 2.62080191e-02
  1.10492453e-02 4.33666204e-01]
 [3.90000000e+01 7.80000000e+02 1.10114770e-02 3.39487004e-02
  1.10455436e-02 3.82253616e-01]
 [4.00000000e+01 8.00000000e+02 1.10114770e-02 2.22521960e-02
  1.10455436e-02 3.88371472e-01]
 [4.10000000e+01 8.20000000e+02 1.10114770e-02 1.68878392e-02
  1.10443845e-02 3.80658929e-01]
 [4.20000000e+01 8.40000000e+02 1.09738548e-02 2.79000456e-02
  1.10371684e-02 4.12809388e-01]
 [4.30000000e+01 8.60000000e+02 1.09738548e-02 1.78777281e-02
  1.10337869e-02 3.82881517e-01]
 [4.40000000e+01 8.80000000e+02 1.09738548e-02 1.06552175e-02
  1.10285860e-02 3.65620839e-01]
 [4.50000000e+01 9.00000000e+02 1.09738548e-02 9.75370675e-03
  1.10253510e-02 3.19988631e-01]
 [4.60000000e+01 9.20000000e+02 1.09738548e-02 1.01582050e-02
  1.10253510e-02 3.39396850e-01]
 [4.70000000e+01 9.40000000e+02 1.09738548e-02 9.30006242e-03
  1.10249393e-02 3.13416606e-01]
 [4.80000000e+01 9.60000000e+02 1.09738548e-02 9.43912447e-03
  1.10231271e-02 2.94733238e-01]
 [4.90000000e+01 9.80000000e+02 1.09738548e-02 5.91525140e-03
  1.10201974e-02 2.70512026e-01]
 [5.00000000e+01 1.00000000e+03 1.09738548e-02 9.08825914e-03
  1.10187447e-02 3.06929573e-01]]