[[1.00000000e+00 2.00000000e+01 1.17420968e-02 2.04331955e-01
  1.33514964e-02 2.58094440e+00]
 [2.00000000e+00 4.00000000e+01 1.16621111e-02 1.30128847e-01
  1.23890869e-02 2.77744018e+00]
 [3.00000000e+00 6.00000000e+01 1.11202723e-02 1.10657158e-01
  1.20653161e-02 2.64432055e+00]
 [4.00000000e+00 8.00000000e+01 1.11202723e-02 8.86207709e-02
  1.18606966e-02 2.40781546e+00]
 [5.00000000e+00 1.00000000e+02 1.11202723e-02 1.08666792e-01
  1.17238772e-02 2.14368149e+00]
 [6.00000000e+00 1.20000000e+02 1.10436250e-02 1.43935916e-01
  1.16434333e-02 2.18565399e+00]
 [7.00000000e+00 1.40000000e+02 1.10436250e-02 1.12621434e-01
  1.15463689e-02 1.99793706e+00]
 [8.00000000e+00 1.60000000e+02 1.10436250e-02 1.03461280e-01
  1.14800837e-02 1.94579091e+00]
 [9.00000000e+00 1.80000000e+02 1.10436250e-02 6.50748368e-02
  1.14007837e-02 1.93546618e+00]
 [1.00000000e+01 2.00000000e+02 1.09766694e-02 5.10494015e-02
  1.13429637e-02 1.88754063e+00]
 [1.10000000e+01 2.20000000e+02 1.09766694e-02 3.42542908e-02
  1.13171104e-02 1.84473020e+00]
 [1.20000000e+01 2.40000000e+02 1.09766694e-02 5.13538434e-02
  1.12359691e-02 1.73477259e+00]
 [1.30000000e+01 2.60000000e+02 1.09766694e-02 6.11358918e-02
  1.12189722e-02 1.70657480e+00]
 [1.40000000e+01 2.80000000e+02 1.09766694e-02 1.39133160e-01
  1.11989767e-02 1.65470084e+00]
 [1.50000000e+01 3.00000000e+02 1.09766694e-02 1.09276796e-01
  1.11763963e-02 1.52624460e+00]
 [1.60000000e+01 3.20000000e+02 1.09766694e-02 1.19781237e-01
  1.11470882e-02 1.49623787e+00]
 [1.70000000e+01 3.40000000e+02 1.09711858e-02 6.23649775e-02
  1.11194015e-02 1.37860902e+00]
 [1.80000000e+01 3.60000000e+02 1.09709400e-02 1.32649651e-01
  1.11046449e-02 1.23684714e+00]
 [1.90000000e+01 3.80000000e+02 1.09707190e-02 8.38734398e-02
  1.10913724e-02 1.23600153e+00]
 [2.00000000e+01 4.00000000e+02 1.09389450e-02 7.79038984e-02
  1.10768658e-02 1.26892779e+00]
 [2.10000000e+01 4.20000000e+02 1.09389450e-02 1.38742398e-01
  1.10610003e-02 1.28616863e+00]
 [2.20000000e+01 4.40000000e+02 1.09389450e-02 7.47438774e-02
  1.10551846e-02 1.35008659e+00]
 [2.30000000e+01 4.60000000e+02 1.09389450e-02 1.09487996e-01
  1.10520779e-02 1.23669377e+00]
 [2.40000000e+01 4.80000000e+02 1.09389450e-02 9.25476275e-02
  1.10482596e-02 1.16970777e+00]
 [2.50000000e+01 5.00000000e+02 1.09389450e-02 1.31619252e-01
  1.10360611e-02 1.14703663e+00]
 [2.60000000e+01 5.20000000e+02 1.09389450e-02 8.43745958e-02
  1.10360611e-02 1.11828487e+00]
 [2.70000000e+01 5.40000000e+02 1.09389450e-02 7.09536283e-02
  1.10208724e-02 1.11341501e+00]
 [2.80000000e+01 5.60000000e+02 1.09389450e-02 8.21227445e-02
  1.10144607e-02 1.07413917e+00]
 [2.90000000e+01 5.80000000e+02 1.08592802e-02 7.64647702e-02
  1.10006953e-02 9.71587676e-01]
 [3.00000000e+01 6.00000000e+02 1.08592802e-02 3.66319493e-02
  1.09967549e-02 9.80157653e-01]
 [3.10000000e+01 6.20000000e+02 1.08592802e-02 8.79600309e-02
  1.09745540e-02 9.83931564e-01]
 [3.20000000e+01 6.40000000e+02 1.08592802e-02 5.70776962e-02
  1.09672493e-02 1.02158067e+00]
 [3.30000000e+01 6.60000000e+02 1.08592802e-02 7.41695844e-02
  1.09590722e-02 1.00981248e+00]
 [3.40000000e+01 6.80000000e+02 1.08592802e-02 6.14308465e-02
  1.09436564e-02 9.39787920e-01]
 [3.50000000e+01 7.00000000e+02 1.08584750e-02 5.32927724e-02
  1.09306932e-02 8.89203424e-01]
 [3.60000000e+01 7.20000000e+02 1.08557793e-02 4.72690907e-02
  1.09190367e-02 8.43893458e-01]
 [3.70000000e+01 7.40000000e+02 1.08095509e-02 5.39192992e-02
  1.08881778e-02 7.99010593e-01]
 [3.80000000e+01 7.60000000e+02 1.08095509e-02 4.68432882e-02
  1.08821652e-02 8.69237187e-01]
 [3.90000000e+01 7.80000000e+02 1.07917550e-02 2.66079550e-02
  1.08724568e-02 8.87688904e-01]
 [4.00000000e+01 8.00000000e+02 1.07896326e-02 3.38007773e-02
  1.08597469e-02 7.99658395e-01]
 [4.10000000e+01 8.20000000e+02 1.07816656e-02 2.36064508e-02
  1.08512286e-02 8.37475126e-01]
 [4.20000000e+01 8.40000000e+02 1.07816656e-02 1.62489883e-02
  1.08488978e-02 8.06784623e-01]
 [4.30000000e+01 8.60000000e+02 1.07816656e-02 2.19743662e-02
  1.08436191e-02 7.74785295e-01]
 [4.40000000e+01 8.80000000e+02 1.07816656e-02 1.45854200e-02
  1.08425603e-02 8.20145149e-01]
 [4.50000000e+01 9.00000000e+02 1.07816656e-02 1.01083194e-02
  1.08340018e-02 8.16297438e-01]
 [4.60000000e+01 9.20000000e+02 1.07816656e-02 1.74417764e-02
  1.08219606e-02 7.31240683e-01]
 [4.70000000e+01 9.40000000e+02 1.07767223e-02 1.07441146e-02
  1.08201827e-02 7.30865179e-01]
 [4.80000000e+01 9.60000000e+02 1.07767223e-02 8.51494484e-03
  1.08171378e-02 7.28596789e-01]
 [4.90000000e+01 9.80000000e+02 1.07767223e-02 1.16204114e-02
  1.08156537e-02 7.29347778e-01]
 [5.00000000e+01 1.00000000e+03 1.07767223e-02 9.19527699e-03
  1.08121241e-02 7.38935652e-01]]