[[1.00000000e+00 2.00000000e+01 1.26538272e-02 2.24464866e-01
  1.42028431e-02 2.63526699e+00]
 [2.00000000e+00 4.00000000e+01 1.26076446e-02 1.11318208e-01
  1.37674429e-02 2.66289807e+00]
 [3.00000000e+00 6.00000000e+01 1.26076446e-02 1.38835333e-01
  1.35192394e-02 2.38413181e+00]
 [4.00000000e+00 8.00000000e+01 1.25936877e-02 1.33205953e-01
  1.32810375e-02 2.34090188e+00]
 [5.00000000e+00 1.00000000e+02 1.19133666e-02 1.43550436e-01
  1.30344033e-02 2.14867963e+00]
 [6.00000000e+00 1.20000000e+02 1.19133666e-02 6.74531062e-02
  1.29066695e-02 2.05758123e+00]
 [7.00000000e+00 1.40000000e+02 1.19133666e-02 9.27884876e-02
  1.27269802e-02 1.98142353e+00]
 [8.00000000e+00 1.60000000e+02 1.19133666e-02 8.55501441e-02
  1.26542060e-02 1.97383875e+00]
 [9.00000000e+00 1.80000000e+02 1.19133666e-02 6.69957724e-02
  1.24799275e-02 1.89716675e+00]
 [1.00000000e+01 2.00000000e+02 1.19133666e-02 6.86677180e-02
  1.24121739e-02 1.95571493e+00]
 [1.10000000e+01 2.20000000e+02 1.17882214e-02 7.66721706e-02
  1.23259236e-02 1.88991876e+00]
 [1.20000000e+01 2.40000000e+02 1.17882214e-02 5.18568112e-02
  1.23032844e-02 1.86991039e+00]
 [1.30000000e+01 2.60000000e+02 1.17131788e-02 6.28200258e-02
  1.21908696e-02 1.86627003e+00]
 [1.40000000e+01 2.80000000e+02 1.17131788e-02 5.90923304e-02
  1.21584210e-02 1.82816235e+00]
 [1.50000000e+01 3.00000000e+02 1.17131788e-02 3.89780642e-02
  1.21369624e-02 1.76334499e+00]
 [1.60000000e+01 3.20000000e+02 1.17131788e-02 5.52030954e-02
  1.21283749e-02 1.70029675e+00]
 [1.70000000e+01 3.40000000e+02 1.16752494e-02 4.60194249e-02
  1.20537815e-02 1.71887072e+00]
 [1.80000000e+01 3.60000000e+02 1.16752494e-02 2.45157284e-02
  1.20168068e-02 1.73488310e+00]
 [1.90000000e+01 3.80000000e+02 1.16752494e-02 2.59759082e-02
  1.20030058e-02 1.63660632e+00]
 [2.00000000e+01 4.00000000e+02 1.16752494e-02 3.18198203e-02
  1.19600760e-02 1.60248621e+00]
 [2.10000000e+01 4.20000000e+02 1.16253413e-02 4.82097657e-02
  1.19432238e-02 1.60494311e+00]
 [2.20000000e+01 4.40000000e+02 1.16253413e-02 4.05083861e-02
  1.19361609e-02 1.56655844e+00]
 [2.30000000e+01 4.60000000e+02 1.16253413e-02 3.75943389e-02
  1.18607835e-02 1.56139839e+00]
 [2.40000000e+01 4.80000000e+02 1.16253413e-02 1.82123187e-02
  1.18584260e-02 1.50252601e+00]
 [2.50000000e+01 5.00000000e+02 1.15292367e-02 2.18876463e-02
  1.18086571e-02 1.35034055e+00]
 [2.60000000e+01 5.20000000e+02 1.15292367e-02 2.08229637e-02
  1.18058713e-02 1.39736541e+00]
 [2.70000000e+01 5.40000000e+02 1.15292367e-02 1.42981331e-02
  1.18038474e-02 1.42110125e+00]
 [2.80000000e+01 5.60000000e+02 1.15292367e-02 2.02528513e-02
  1.17935975e-02 1.37514395e+00]
 [2.90000000e+01 5.80000000e+02 1.15292367e-02 1.61850598e-02
  1.17915239e-02 1.38687434e+00]
 [3.00000000e+01 6.00000000e+02 1.15161292e-02 1.71949294e-02
  1.17713721e-02 1.38175113e+00]
 [3.10000000e+01 6.20000000e+02 1.15161292e-02 1.46344456e-02
  1.17506170e-02 1.41039080e+00]
 [3.20000000e+01 6.40000000e+02 1.14739343e-02 1.54495292e-02
  1.17461859e-02 1.42993337e+00]
 [3.30000000e+01 6.60000000e+02 1.14739343e-02 1.85079891e-02
  1.17436296e-02 1.35719101e+00]
 [3.40000000e+01 6.80000000e+02 1.14739343e-02 1.28069243e-02
  1.17309811e-02 1.31131560e+00]
 [3.50000000e+01 7.00000000e+02 1.14739343e-02 1.36840502e-02
  1.17122355e-02 1.31697561e+00]
 [3.60000000e+01 7.20000000e+02 1.14739343e-02 1.11295892e-02
  1.17056161e-02 1.36731944e+00]
 [3.70000000e+01 7.40000000e+02 1.14739343e-02 1.16930021e-02
  1.16844337e-02 1.34757930e+00]
 [3.80000000e+01 7.60000000e+02 1.14739343e-02 1.02594329e-02
  1.16764599e-02 1.37089752e+00]
 [3.90000000e+01 7.80000000e+02 1.14739343e-02 1.04079575e-02
  1.16626226e-02 1.32912281e+00]
 [4.00000000e+01 8.00000000e+02 1.14739343e-02 8.45291847e-03
  1.16502205e-02 1.31617557e+00]
 [4.10000000e+01 8.20000000e+02 1.14739343e-02 1.07432275e-02
  1.16399075e-02 1.32025668e+00]
 [4.20000000e+01 8.40000000e+02 1.14739343e-02 9.65288593e-03
  1.16248097e-02 1.33025586e+00]
 [4.30000000e+01 8.60000000e+02 1.14739343e-02 9.91668976e-03
  1.16185412e-02 1.30636975e+00]
 [4.40000000e+01 8.80000000e+02 1.14739343e-02 8.05337701e-03
  1.16030708e-02 1.28980648e+00]
 [4.50000000e+01 9.00000000e+02 1.14739343e-02 7.22130800e-03
  1.15957485e-02 1.29912197e+00]
 [4.60000000e+01 9.20000000e+02 1.14739343e-02 9.55182291e-03
  1.15876720e-02 1.27452834e+00]
 [4.70000000e+01 9.40000000e+02 1.14739343e-02 6.06301656e-03
  1.15777053e-02 1.27623641e+00]
 [4.80000000e+01 9.60000000e+02 1.14739343e-02 6.68132542e-03
  1.15770416e-02 1.26252517e+00]
 [4.90000000e+01 9.80000000e+02 1.14739343e-02 6.72964756e-03
  1.15740273e-02 1.24803414e+00]
 [5.00000000e+01 1.00000000e+03 1.14739343e-02 6.54775775e-03
  1.15728777e-02 1.25494328e+00]]