[[1.00000000e+00 2.00000000e+01 6.77940589e-03 1.78138405e-01
  2.09660198e-02 2.64401474e+00]
 [2.00000000e+00 4.00000000e+01 6.77940589e-03 1.65290092e-01
  1.41079304e-02 2.70588134e+00]
 [3.00000000e+00 6.00000000e+01 6.77359084e-03 1.16873206e-01
  1.02418244e-02 2.65155444e+00]
 [4.00000000e+00 8.00000000e+01 6.70787975e-03 1.03733409e-01
  8.47565019e-03 2.69765337e+00]
 [5.00000000e+00 1.00000000e+02 6.70787975e-03 1.12115991e-01
  8.08497711e-03 2.53505661e+00]
 [6.00000000e+00 1.20000000e+02 6.70787975e-03 6.74654623e-02
  7.73768534e-03 2.48471820e+00]
 [7.00000000e+00 1.40000000e+02 6.53897537e-03 9.14598884e-02
  7.42162234e-03 2.37374560e+00]
 [8.00000000e+00 1.60000000e+02 6.53897537e-03 7.59799816e-02
  7.10615585e-03 2.32221753e+00]
 [9.00000000e+00 1.80000000e+02 6.53897537e-03 8.17938368e-02
  6.99391834e-03 2.37342055e+00]
 [1.00000000e+01 2.00000000e+02 6.46810575e-03 7.88433271e-02
  6.95881167e-03 2.36589029e+00]
 [1.10000000e+01 2.20000000e+02 6.46810575e-03 5.95463254e-02
  6.88476915e-03 2.33127363e+00]
 [1.20000000e+01 2.40000000e+02 6.46810575e-03 7.39599233e-02
  6.86011635e-03 2.33551558e+00]
 [1.30000000e+01 2.60000000e+02 6.46810575e-03 5.89897132e-02
  6.81028386e-03 2.32891662e+00]
 [1.40000000e+01 2.80000000e+02 6.46810575e-03 4.78203181e-02
  6.79664612e-03 2.24911560e+00]
 [1.50000000e+01 3.00000000e+02 6.46810575e-03 6.22228589e-02
  6.78505066e-03 2.22673906e+00]
 [1.60000000e+01 3.20000000e+02 6.30133448e-03 6.08316960e-02
  6.73642758e-03 2.21558739e+00]
 [1.70000000e+01 3.40000000e+02 6.30133448e-03 1.46478691e-01
  6.64839324e-03 1.95626910e+00]
 [1.80000000e+01 3.60000000e+02 6.30133448e-03 1.15930663e-01
  6.61386105e-03 1.97199664e+00]
 [1.90000000e+01 3.80000000e+02 6.27563037e-03 1.01830798e-01
  6.60259070e-03 1.94872721e+00]
 [2.00000000e+01 4.00000000e+02 6.24059361e-03 1.76679859e-01
  6.54096854e-03 1.77181476e+00]
 [2.10000000e+01 4.20000000e+02 6.24059361e-03 1.37016310e-01
  6.54096854e-03 1.93111986e+00]
 [2.20000000e+01 4.40000000e+02 6.21477416e-03 1.07293058e-01
  6.52891452e-03 1.82843810e+00]
 [2.30000000e+01 4.60000000e+02 6.21477416e-03 1.17322457e-01
  6.51923206e-03 1.78910877e+00]
 [2.40000000e+01 4.80000000e+02 6.19757331e-03 1.35949740e-01
  6.49661762e-03 1.77925956e+00]
 [2.50000000e+01 5.00000000e+02 6.19757331e-03 1.10832138e-01
  6.43825030e-03 1.74093946e+00]
 [2.60000000e+01 5.20000000e+02 6.19757331e-03 1.64646944e-01
  6.42699402e-03 1.74087053e+00]
 [2.70000000e+01 5.40000000e+02 6.19742032e-03 1.29867495e-01
  6.42612648e-03 1.72030305e+00]
 [2.80000000e+01 5.60000000e+02 6.19742032e-03 1.49520263e-01
  6.41694227e-03 1.62861194e+00]
 [2.90000000e+01 5.80000000e+02 6.19742032e-03 1.30482685e-01
  6.41694227e-03 1.66337581e+00]
 [3.00000000e+01 6.00000000e+02 6.16714756e-03 1.27858766e-01
  6.40649224e-03 1.64242379e+00]
 [3.10000000e+01 6.20000000e+02 6.16714756e-03 1.41021297e-01
  6.39219597e-03 1.65053467e+00]
 [3.20000000e+01 6.40000000e+02 6.16714756e-03 1.16301144e-01
  6.38167148e-03 1.65247952e+00]
 [3.30000000e+01 6.60000000e+02 6.16714756e-03 1.50576960e-01
  6.35579692e-03 1.53703013e+00]
 [3.40000000e+01 6.80000000e+02 6.16714756e-03 1.18225137e-01
  6.34892457e-03 1.53898631e+00]
 [3.50000000e+01 7.00000000e+02 6.16714756e-03 1.56580863e-01
  6.34892457e-03 1.50680533e+00]
 [3.60000000e+01 7.20000000e+02 6.16714756e-03 1.41951068e-01
  6.34781594e-03 1.51954061e+00]
 [3.70000000e+01 7.40000000e+02 6.16714756e-03 1.27538718e-01
  6.34738986e-03 1.50672307e+00]
 [3.80000000e+01 7.60000000e+02 6.16714756e-03 1.42024511e-01
  6.34665199e-03 1.49766499e+00]
 [3.90000000e+01 7.80000000e+02 6.16714756e-03 1.24816096e-01
  6.34493380e-03 1.51613753e+00]
 [4.00000000e+01 8.00000000e+02 6.16714756e-03 1.52596176e-01
  6.34470927e-03 1.48595184e+00]
 [4.10000000e+01 8.20000000e+02 6.16714756e-03 1.35416637e-01
  6.34444439e-03 1.47305834e+00]
 [4.20000000e+01 8.40000000e+02 6.16714756e-03 1.41059770e-01
  6.34444439e-03 1.48643936e+00]
 [4.30000000e+01 8.60000000e+02 6.16714756e-03 1.35010007e-01
  6.34292886e-03 1.48839439e+00]
 [4.40000000e+01 8.80000000e+02 6.16714756e-03 1.05035288e-01
  6.34159337e-03 1.48683354e+00]
 [4.50000000e+01 9.00000000e+02 6.16714756e-03 1.00257479e-01
  6.34004016e-03 1.46791039e+00]
 [4.60000000e+01 9.20000000e+02 6.16714756e-03 1.07112168e-01
  6.31252567e-03 1.43521005e+00]
 [4.70000000e+01 9.40000000e+02 6.16714756e-03 9.31657738e-02
  6.31118931e-03 1.40316759e+00]
 [4.80000000e+01 9.60000000e+02 6.16714756e-03 5.56502897e-02
  6.31118931e-03 1.38818913e+00]
 [4.90000000e+01 9.80000000e+02 6.16714756e-03 6.50215835e-02
  6.31118931e-03 1.38444917e+00]
 [5.00000000e+01 1.00000000e+03 6.16714756e-03 7.50651931e-02
  6.31118931e-03 1.40063944e+00]]