[[1.00000000e+00 2.00000000e+01 7.08113135e-03 2.25328970e-01
  1.98447361e-02 2.69604086e+00]
 [2.00000000e+00 4.00000000e+01 7.08113135e-03 1.93419822e-01
  1.37414354e-02 2.84884605e+00]
 [3.00000000e+00 6.00000000e+01 6.78094382e-03 1.61035499e-01
  1.28943743e-02 2.70993547e+00]
 [4.00000000e+00 8.00000000e+01 6.78094382e-03 1.99162217e-01
  1.09903630e-02 2.57647294e+00]
 [5.00000000e+00 1.00000000e+02 6.78094382e-03 1.46048368e-01
  1.02957006e-02 2.56794169e+00]
 [6.00000000e+00 1.20000000e+02 6.78094382e-03 1.16582250e-01
  9.40106377e-03 2.50665367e+00]
 [7.00000000e+00 1.40000000e+02 6.78094382e-03 1.17501100e-01
  8.20146438e-03 2.36208242e+00]
 [8.00000000e+00 1.60000000e+02 6.78094382e-03 1.10851885e-01
  8.08589179e-03 2.39549927e+00]
 [9.00000000e+00 1.80000000e+02 6.78094382e-03 1.07305327e-01
  7.94903710e-03 2.36842904e+00]
 [1.00000000e+01 2.00000000e+02 6.78094382e-03 6.90747181e-02
  7.93178869e-03 2.26481294e+00]
 [1.10000000e+01 2.20000000e+02 6.73046933e-03 4.25369327e-02
  7.85208257e-03 2.21302661e+00]
 [1.20000000e+01 2.40000000e+02 6.73046933e-03 6.00515070e-02
  7.76874546e-03 2.10320947e+00]
 [1.30000000e+01 2.60000000e+02 6.73046933e-03 7.94139738e-02
  7.23188200e-03 2.18183634e+00]
 [1.40000000e+01 2.80000000e+02 6.63410094e-03 5.98218792e-02
  7.13646204e-03 2.17664815e+00]
 [1.50000000e+01 3.00000000e+02 6.63410094e-03 5.86867330e-02
  6.89890053e-03 2.09441872e+00]
 [1.60000000e+01 3.20000000e+02 6.63410094e-03 8.50673255e-02
  6.87491270e-03 2.13067500e+00]
 [1.70000000e+01 3.40000000e+02 6.62567788e-03 6.26175412e-02
  6.85962212e-03 2.14479955e+00]
 [1.80000000e+01 3.60000000e+02 6.62567788e-03 8.33643935e-02
  6.84418677e-03 2.07959169e+00]
 [1.90000000e+01 3.80000000e+02 6.62567788e-03 6.00191337e-02
  6.81273458e-03 1.93507413e+00]
 [2.00000000e+01 4.00000000e+02 6.51772418e-03 7.25590441e-02
  6.79260951e-03 1.84265613e+00]
 [2.10000000e+01 4.20000000e+02 6.51772418e-03 7.62830805e-02
  6.78623477e-03 1.91192016e+00]
 [2.20000000e+01 4.40000000e+02 6.51772418e-03 6.36912507e-02
  6.77585741e-03 1.95022568e+00]
 [2.30000000e+01 4.60000000e+02 6.51772418e-03 6.38870138e-02
  6.72447350e-03 1.97588049e+00]
 [2.40000000e+01 4.80000000e+02 6.51772418e-03 6.48469647e-02
  6.71408006e-03 1.88174021e+00]
 [2.50000000e+01 5.00000000e+02 6.51772418e-03 6.97987040e-02
  6.71291991e-03 1.88269149e+00]
 [2.60000000e+01 5.20000000e+02 6.51772418e-03 5.69729224e-02
  6.70065894e-03 1.89657112e+00]
 [2.70000000e+01 5.40000000e+02 6.51772418e-03 6.08709470e-02
  6.70065894e-03 1.91025198e+00]
 [2.80000000e+01 5.60000000e+02 6.51772418e-03 5.72571189e-02
  6.70065894e-03 1.87467499e+00]
 [2.90000000e+01 5.80000000e+02 6.51772418e-03 6.54754191e-02
  6.69245591e-03 1.86090074e+00]
 [3.00000000e+01 6.00000000e+02 6.51772418e-03 5.66908752e-02
  6.69167232e-03 1.83011918e+00]
 [3.10000000e+01 6.20000000e+02 6.51772418e-03 6.47341319e-02
  6.69124546e-03 1.81009591e+00]
 [3.20000000e+01 6.40000000e+02 6.51772418e-03 6.38680282e-02
  6.69028774e-03 1.74768145e+00]
 [3.30000000e+01 6.60000000e+02 6.51772418e-03 5.02317748e-02
  6.69028774e-03 1.81497303e+00]
 [3.40000000e+01 6.80000000e+02 6.51772418e-03 5.89044628e-02
  6.68905588e-03 1.82186558e+00]
 [3.50000000e+01 7.00000000e+02 6.51772418e-03 6.40877205e-02
  6.68905588e-03 1.79909235e+00]
 [3.60000000e+01 7.20000000e+02 6.51772418e-03 5.49449711e-02
  6.68893216e-03 1.79974139e+00]
 [3.70000000e+01 7.40000000e+02 6.51772418e-03 6.94690824e-02
  6.68893216e-03 1.83789022e+00]
 [3.80000000e+01 7.60000000e+02 6.51772418e-03 5.39415094e-02
  6.68893216e-03 1.78677230e+00]
 [3.90000000e+01 7.80000000e+02 6.51772418e-03 5.14032175e-02
  6.68893216e-03 1.78343035e+00]
 [4.00000000e+01 8.00000000e+02 6.51772418e-03 4.25410490e-02
  6.68861784e-03 1.85938645e+00]
 [4.10000000e+01 8.20000000e+02 6.51772418e-03 4.76071044e-02
  6.68861784e-03 1.79846799e+00]
 [4.20000000e+01 8.40000000e+02 6.51772418e-03 5.28365039e-02
  6.68510580e-03 1.79263194e+00]
 [4.30000000e+01 8.60000000e+02 6.51772418e-03 6.96292608e-02
  6.68510580e-03 1.81462983e+00]
 [4.40000000e+01 8.80000000e+02 6.51772418e-03 5.10677046e-02
  6.68510580e-03 1.80394450e+00]
 [4.50000000e+01 9.00000000e+02 6.51772418e-03 5.66102610e-02
  6.68510580e-03 1.77448007e+00]
 [4.60000000e+01 9.20000000e+02 6.51772418e-03 5.36654669e-02
  6.68510580e-03 1.78733346e+00]
 [4.70000000e+01 9.40000000e+02 6.51772418e-03 6.02215288e-02
  6.68510580e-03 1.79962222e+00]
 [4.80000000e+01 9.60000000e+02 6.51772418e-03 5.59605004e-02
  6.68287167e-03 1.76248632e+00]
 [4.90000000e+01 9.80000000e+02 6.51772418e-03 6.35578008e-02
  6.68287167e-03 1.78130771e+00]
 [5.00000000e+01 1.00000000e+03 6.51772418e-03 5.39104622e-02
  6.68287167e-03 1.76207389e+00]]