[[1.00000000e+00 2.00000000e+01 7.06073543e-03 2.22588076e-01
  5.58201194e-02 2.55900878e+00]
 [2.00000000e+00 4.00000000e+01 6.84426217e-03 1.64076669e-01
  2.23820551e-02 2.15253709e+00]
 [3.00000000e+00 6.00000000e+01 6.79658191e-03 1.46596266e-01
  1.32451119e-02 1.82006090e+00]
 [4.00000000e+00 8.00000000e+01 6.20383129e-03 1.56666548e-01
  9.26004745e-03 1.89809810e+00]
 [5.00000000e+00 1.00000000e+02 6.20383129e-03 1.44272924e-01
  9.21614928e-03 1.68057333e+00]
 [6.00000000e+00 1.20000000e+02 6.20383129e-03 1.28551279e-01
  9.21614928e-03 1.76606765e+00]
 [7.00000000e+00 1.40000000e+02 6.20383129e-03 1.35241994e-01
  9.21614928e-03 1.85462029e+00]
 [8.00000000e+00 1.60000000e+02 6.20383129e-03 1.02174302e-01
  9.21614928e-03 1.83095986e+00]
 [9.00000000e+00 1.80000000e+02 6.20383129e-03 1.29242374e-01
  9.15985327e-03 1.86621596e+00]
 [1.00000000e+01 2.00000000e+02 6.20383129e-03 1.18483506e-01
  9.08550845e-03 1.83711451e+00]
 [1.10000000e+01 2.20000000e+02 6.13032520e-03 9.14948796e-02
  8.47292801e-03 1.74748027e+00]
 [1.20000000e+01 2.40000000e+02 6.13032520e-03 7.82112747e-02
  8.18669427e-03 1.63048093e+00]
 [1.30000000e+01 2.60000000e+02 6.07392273e-03 8.00463642e-02
  8.15911163e-03 1.50298476e+00]
 [1.40000000e+01 2.80000000e+02 6.07392273e-03 5.67503120e-02
  7.73886964e-03 1.57735118e+00]
 [1.50000000e+01 3.00000000e+02 6.00565708e-03 7.66374915e-02
  7.43491834e-03 1.54259737e+00]
 [1.60000000e+01 3.20000000e+02 6.00565708e-03 6.81203895e-02
  7.37600927e-03 1.45662451e+00]
 [1.70000000e+01 3.40000000e+02 6.00565708e-03 7.31309125e-02
  7.32733167e-03 1.32984815e+00]
 [1.80000000e+01 3.60000000e+02 6.00565708e-03 6.90694102e-02
  6.87947857e-03 1.32262193e+00]
 [1.90000000e+01 3.80000000e+02 6.00565708e-03 4.80607483e-02
  6.83538456e-03 1.28660084e+00]
 [2.00000000e+01 4.00000000e+02 6.00565708e-03 6.69404141e-02
  6.81622864e-03 1.18015706e+00]
 [2.10000000e+01 4.20000000e+02 6.00565708e-03 4.60033761e-02
  6.81622864e-03 1.18829785e+00]
 [2.20000000e+01 4.40000000e+02 5.99579941e-03 4.05015726e-02
  6.75603597e-03 1.17908665e+00]
 [2.30000000e+01 4.60000000e+02 5.99579941e-03 5.06885540e-02
  6.75603597e-03 1.17170333e+00]
 [2.40000000e+01 4.80000000e+02 5.99579941e-03 3.53374035e-02
  6.75603597e-03 1.04387174e+00]
 [2.50000000e+01 5.00000000e+02 5.99579941e-03 3.69106659e-02
  6.71688642e-03 1.03449143e+00]
 [2.60000000e+01 5.20000000e+02 5.99579941e-03 4.24255627e-02
  6.70130166e-03 1.08639289e+00]
 [2.70000000e+01 5.40000000e+02 5.99579941e-03 2.76533654e-02
  6.49409679e-03 1.06485783e+00]
 [2.80000000e+01 5.60000000e+02 5.99579941e-03 3.69007485e-02
  6.47544745e-03 9.72910046e-01]
 [2.90000000e+01 5.80000000e+02 5.99579941e-03 3.29444470e-02
  6.41003243e-03 9.18083279e-01]
 [3.00000000e+01 6.00000000e+02 5.99579941e-03 3.51325473e-02
  6.40510751e-03 8.89884515e-01]
 [3.10000000e+01 6.20000000e+02 5.99579941e-03 3.87149868e-02
  6.40410564e-03 8.81896048e-01]
 [3.20000000e+01 6.40000000e+02 5.99579941e-03 2.75588408e-02
  6.39740608e-03 8.52759582e-01]
 [3.30000000e+01 6.60000000e+02 5.99579941e-03 3.53482653e-02
  6.39738145e-03 8.89161628e-01]
 [3.40000000e+01 6.80000000e+02 5.99579941e-03 3.47939654e-02
  6.35367498e-03 8.45697634e-01]
 [3.50000000e+01 7.00000000e+02 5.99579941e-03 3.78460432e-02
  6.35367498e-03 7.62053463e-01]
 [3.60000000e+01 7.20000000e+02 5.99579941e-03 3.25519034e-02
  6.35170034e-03 7.60270546e-01]
 [3.70000000e+01 7.40000000e+02 5.99579941e-03 2.79970476e-02
  6.35170034e-03 7.52584037e-01]
 [3.80000000e+01 7.60000000e+02 5.99579941e-03 3.68694207e-02
  6.34584484e-03 7.96410093e-01]
 [3.90000000e+01 7.80000000e+02 5.99579941e-03 3.51284167e-02
  6.32523222e-03 7.64937497e-01]
 [4.00000000e+01 8.00000000e+02 5.99579941e-03 3.71958113e-02
  6.22843718e-03 7.31898658e-01]
 [4.10000000e+01 8.20000000e+02 5.99579941e-03 2.70832038e-02
  6.22324739e-03 7.27444780e-01]
 [4.20000000e+01 8.40000000e+02 5.99579941e-03 3.31031277e-02
  6.21066198e-03 6.16509982e-01]
 [4.30000000e+01 8.60000000e+02 5.99579941e-03 2.81587408e-02
  6.21066198e-03 5.57839265e-01]
 [4.40000000e+01 8.80000000e+02 5.99579941e-03 2.51634657e-02
  6.21066198e-03 5.95316319e-01]
 [4.50000000e+01 9.00000000e+02 5.99579941e-03 2.22111788e-02
  6.20916402e-03 6.22735466e-01]
 [4.60000000e+01 9.20000000e+02 5.99579941e-03 3.81925324e-02
  6.18875192e-03 6.42035500e-01]
 [4.70000000e+01 9.40000000e+02 5.99579941e-03 2.16471197e-02
  6.18710671e-03 6.02000025e-01]
 [4.80000000e+01 9.60000000e+02 5.99579941e-03 2.77446871e-02
  6.18710671e-03 5.53352866e-01]
 [4.90000000e+01 9.80000000e+02 5.99579941e-03 2.50599545e-02
  6.18625965e-03 5.60930224e-01]
 [5.00000000e+01 1.00000000e+03 5.99579941e-03 2.72500307e-02
  6.18625965e-03 5.77029480e-01]]