[[1.00000000e+00 2.00000000e+01 6.93240774e-03 1.95334446e-01
  6.53611809e-02 2.45226798e+00]
 [2.00000000e+00 4.00000000e+01 6.78309544e-03 1.37537729e-01
  6.12937433e-02 2.31907791e+00]
 [3.00000000e+00 6.00000000e+01 6.78309544e-03 6.62043245e-02
  5.92102590e-02 1.92363297e+00]
 [4.00000000e+00 8.00000000e+01 6.78309544e-03 4.40576008e-02
  1.02357788e-02 1.66482112e+00]
 [5.00000000e+00 1.00000000e+02 6.70167909e-03 7.62056442e-02
  8.07137055e-03 1.62383116e+00]
 [6.00000000e+00 1.20000000e+02 6.41969538e-03 1.10282475e-01
  7.34459721e-03 1.79371366e+00]
 [7.00000000e+00 1.40000000e+02 6.41969538e-03 1.22689521e-01
  7.29788060e-03 1.60505429e+00]
 [8.00000000e+00 1.60000000e+02 6.41969538e-03 6.25852536e-02
  7.21377770e-03 1.38123002e+00]
 [9.00000000e+00 1.80000000e+02 6.41969538e-03 9.33892775e-02
  7.19603464e-03 1.37170765e+00]
 [1.00000000e+01 2.00000000e+02 6.41969538e-03 6.76461863e-02
  7.14992658e-03 1.34992402e+00]
 [1.10000000e+01 2.20000000e+02 6.39822220e-03 7.15151822e-02
  6.84548493e-03 1.34266306e+00]
 [1.20000000e+01 2.40000000e+02 6.39822220e-03 6.66500025e-02
  6.76184146e-03 1.20513039e+00]
 [1.30000000e+01 2.60000000e+02 6.39822220e-03 5.39909985e-02
  6.70494591e-03 1.06841491e+00]
 [1.40000000e+01 2.80000000e+02 6.39822220e-03 6.03863066e-02
  6.69396336e-03 1.03886465e+00]
 [1.50000000e+01 3.00000000e+02 6.39822220e-03 5.40633800e-02
  6.68616223e-03 9.43058543e-01]
 [1.60000000e+01 3.20000000e+02 6.39822220e-03 6.29598232e-02
  6.58831811e-03 9.58670078e-01]
 [1.70000000e+01 3.40000000e+02 6.39822220e-03 4.42429197e-02
  6.57786790e-03 8.88188332e-01]
 [1.80000000e+01 3.60000000e+02 6.39822220e-03 4.49648580e-02
  6.53139897e-03 7.80675256e-01]
 [1.90000000e+01 3.80000000e+02 6.39822220e-03 4.09293691e-02
  6.52859808e-03 7.38338147e-01]
 [2.00000000e+01 4.00000000e+02 6.39822220e-03 3.90353077e-02
  6.50990812e-03 6.87173091e-01]
 [2.10000000e+01 4.20000000e+02 6.39822220e-03 5.25893364e-02
  6.50513202e-03 7.61745233e-01]
 [2.20000000e+01 4.40000000e+02 6.39822220e-03 3.62672255e-02
  6.50238924e-03 7.71681952e-01]
 [2.30000000e+01 4.60000000e+02 6.39822220e-03 5.62988708e-02
  6.50238924e-03 6.97183370e-01]
 [2.40000000e+01 4.80000000e+02 6.39822220e-03 4.01823651e-02
  6.50238924e-03 6.57716863e-01]
 [2.50000000e+01 5.00000000e+02 6.39822220e-03 3.71735973e-02
  6.49767488e-03 6.50502379e-01]
 [2.60000000e+01 5.20000000e+02 6.39822220e-03 4.78322584e-02
  6.49767488e-03 7.19766380e-01]
 [2.70000000e+01 5.40000000e+02 6.39822220e-03 4.27744078e-02
  6.49726702e-03 6.97670037e-01]
 [2.80000000e+01 5.60000000e+02 6.39822220e-03 4.83494829e-02
  6.49689378e-03 6.09492730e-01]
 [2.90000000e+01 5.80000000e+02 6.39822220e-03 3.38963309e-02
  6.49689378e-03 5.83651290e-01]
 [3.00000000e+01 6.00000000e+02 6.39822220e-03 5.43462941e-02
  6.49689378e-03 5.87283738e-01]
 [3.10000000e+01 6.20000000e+02 6.39822220e-03 3.83875175e-02
  6.49560144e-03 6.38399050e-01]
 [3.20000000e+01 6.40000000e+02 6.39822220e-03 3.68121637e-02
  6.49560144e-03 6.62587848e-01]
 [3.30000000e+01 6.60000000e+02 6.39822220e-03 4.79303967e-02
  6.49560144e-03 6.29113170e-01]
 [3.40000000e+01 6.80000000e+02 6.39822220e-03 2.71345152e-02
  6.49560144e-03 5.73593229e-01]
 [3.50000000e+01 7.00000000e+02 6.39822220e-03 3.10302529e-02
  6.49560144e-03 5.69698360e-01]
 [3.60000000e+01 7.20000000e+02 6.39822220e-03 3.90770565e-02
  6.49560144e-03 6.11192676e-01]
 [3.70000000e+01 7.40000000e+02 6.39822220e-03 2.98960609e-02
  6.49560144e-03 6.42709056e-01]
 [3.80000000e+01 7.60000000e+02 6.39822220e-03 3.32546949e-02
  6.49560144e-03 5.94342425e-01]
 [3.90000000e+01 7.80000000e+02 6.39822220e-03 3.94616797e-02
  6.49560144e-03 5.57758529e-01]
 [4.00000000e+01 8.00000000e+02 6.39822220e-03 3.44979688e-02
  6.49560144e-03 5.87038917e-01]
 [4.10000000e+01 8.20000000e+02 6.39822220e-03 2.55331018e-02
  6.49560144e-03 6.56425417e-01]
 [4.20000000e+01 8.40000000e+02 6.39822220e-03 3.59168217e-02
  6.49560144e-03 6.84260466e-01]
 [4.30000000e+01 8.60000000e+02 6.39822220e-03 4.28578816e-02
  6.49560144e-03 6.08020558e-01]
 [4.40000000e+01 8.80000000e+02 6.39822220e-03 3.49657999e-02
  6.49560144e-03 5.71852284e-01]
 [4.50000000e+01 9.00000000e+02 6.39822220e-03 5.57978973e-02
  6.49560144e-03 5.99997085e-01]
 [4.60000000e+01 9.20000000e+02 6.39822220e-03 3.24512476e-02
  6.49560144e-03 6.12244264e-01]
 [4.70000000e+01 9.40000000e+02 6.39822220e-03 4.21539328e-02
  6.49560144e-03 6.37906609e-01]
 [4.80000000e+01 9.60000000e+02 6.39822220e-03 3.62778502e-02
  6.49560144e-03 6.13985712e-01]
 [4.90000000e+01 9.80000000e+02 6.39822220e-03 3.34781805e-02
  6.49560144e-03 6.12156073e-01]
 [5.00000000e+01 1.00000000e+03 6.39822220e-03 4.36339802e-02
  6.49560144e-03 6.21037724e-01]]