[[1.00000000e+00 2.00000000e+01 6.56338437e-03 2.32719520e-01
  1.87203217e-02 2.69199103e+00]
 [2.00000000e+00 4.00000000e+01 6.56338437e-03 1.60036196e-01
  1.22797443e-02 2.79517767e+00]
 [3.00000000e+00 6.00000000e+01 6.42063952e-03 1.53176966e-01
  1.00496488e-02 2.56546573e+00]
 [4.00000000e+00 8.00000000e+01 6.42063952e-03 1.61837354e-01
  8.10608857e-03 2.56084290e+00]
 [5.00000000e+00 1.00000000e+02 6.42063952e-03 9.33366004e-02
  7.81739406e-03 2.59913919e+00]
 [6.00000000e+00 1.20000000e+02 6.42063952e-03 1.38095304e-01
  7.44227288e-03 2.54801347e+00]
 [7.00000000e+00 1.40000000e+02 6.42063952e-03 8.78895582e-02
  7.38453864e-03 2.50772101e+00]
 [8.00000000e+00 1.60000000e+02 6.40637773e-03 9.11413480e-02
  7.05917071e-03 2.43119902e+00]
 [9.00000000e+00 1.80000000e+02 6.40637773e-03 7.56369387e-02
  6.92574262e-03 2.23671796e+00]
 [1.00000000e+01 2.00000000e+02 6.40637773e-03 8.16699774e-02
  6.86441295e-03 2.21804216e+00]
 [1.10000000e+01 2.20000000e+02 6.40637773e-03 8.10930566e-02
  6.86441295e-03 2.26098892e+00]
 [1.20000000e+01 2.40000000e+02 6.40637773e-03 7.17620923e-02
  6.83336468e-03 2.27620424e+00]
 [1.30000000e+01 2.60000000e+02 6.40637773e-03 6.76722580e-02
  6.75169476e-03 2.27781103e+00]
 [1.40000000e+01 2.80000000e+02 6.40637773e-03 5.29389497e-02
  6.73678713e-03 2.21139511e+00]
 [1.50000000e+01 3.00000000e+02 6.40637773e-03 6.24387273e-02
  6.71544672e-03 2.17352269e+00]
 [1.60000000e+01 3.20000000e+02 6.40637773e-03 5.13879654e-02
  6.69734617e-03 2.13008478e+00]
 [1.70000000e+01 3.40000000e+02 6.40637773e-03 4.94670199e-02
  6.65246953e-03 2.11538541e+00]
 [1.80000000e+01 3.60000000e+02 6.40637773e-03 5.23820173e-02
  6.65246953e-03 2.08291921e+00]
 [1.90000000e+01 3.80000000e+02 6.40637773e-03 4.93867903e-02
  6.64685675e-03 2.04274179e+00]
 [2.00000000e+01 4.00000000e+02 6.40637773e-03 4.69828179e-02
  6.62060166e-03 2.05365209e+00]
 [2.10000000e+01 4.20000000e+02 6.40637773e-03 4.76668823e-02
  6.62060166e-03 2.02663307e+00]
 [2.20000000e+01 4.40000000e+02 6.40637773e-03 3.43697817e-02
  6.61173298e-03 1.97645057e+00]
 [2.30000000e+01 4.60000000e+02 6.40637773e-03 4.19434562e-02
  6.60123458e-03 1.96925993e+00]
 [2.40000000e+01 4.80000000e+02 6.40637773e-03 3.87548162e-02
  6.60123458e-03 2.02146391e+00]
 [2.50000000e+01 5.00000000e+02 6.40637773e-03 3.82236044e-02
  6.59803848e-03 2.02343135e+00]
 [2.60000000e+01 5.20000000e+02 6.40637773e-03 4.30679071e-02
  6.59803848e-03 1.97582027e+00]
 [2.70000000e+01 5.40000000e+02 6.40637773e-03 3.55568887e-02
  6.59491110e-03 1.90607848e+00]
 [2.80000000e+01 5.60000000e+02 6.40637773e-03 3.94918747e-02
  6.59491110e-03 1.98044478e+00]
 [2.90000000e+01 5.80000000e+02 6.40637773e-03 3.81619500e-02
  6.59491110e-03 1.97583577e+00]
 [3.00000000e+01 6.00000000e+02 6.40637773e-03 4.01226949e-02
  6.58328340e-03 1.90267732e+00]
 [3.10000000e+01 6.20000000e+02 6.40637773e-03 3.99898754e-02
  6.57517332e-03 1.85687185e+00]
 [3.20000000e+01 6.40000000e+02 6.40637773e-03 4.10540448e-02
  6.57517332e-03 1.90301720e+00]
 [3.30000000e+01 6.60000000e+02 6.40637773e-03 4.11058005e-02
  6.57517332e-03 1.92601314e+00]
 [3.40000000e+01 6.80000000e+02 6.40637773e-03 4.21375579e-02
  6.57517332e-03 1.94095050e+00]
 [3.50000000e+01 7.00000000e+02 6.40637773e-03 3.79342153e-02
  6.57517332e-03 1.88476425e+00]
 [3.60000000e+01 7.20000000e+02 6.40637773e-03 4.56009710e-02
  6.57517332e-03 1.88438506e+00]
 [3.70000000e+01 7.40000000e+02 6.40637773e-03 4.55694695e-02
  6.57517332e-03 1.86534670e+00]
 [3.80000000e+01 7.60000000e+02 6.40637773e-03 3.87383347e-02
  6.57517332e-03 1.87163389e+00]
 [3.90000000e+01 7.80000000e+02 6.40637773e-03 4.47699250e-02
  6.57517332e-03 1.86672408e+00]
 [4.00000000e+01 8.00000000e+02 6.40637773e-03 4.70980705e-02
  6.57517332e-03 1.93368478e+00]
 [4.10000000e+01 8.20000000e+02 6.40637773e-03 3.79137992e-02
  6.57517332e-03 1.92866643e+00]
 [4.20000000e+01 8.40000000e+02 6.40637773e-03 4.19591167e-02
  6.57517332e-03 1.89983690e+00]
 [4.30000000e+01 8.60000000e+02 6.40637773e-03 4.25713852e-02
  6.57517332e-03 1.89112343e+00]
 [4.40000000e+01 8.80000000e+02 6.40637773e-03 4.57933373e-02
  6.57517332e-03 1.87052009e+00]
 [4.50000000e+01 9.00000000e+02 6.40637773e-03 3.84609856e-02
  6.57517332e-03 1.89821640e+00]
 [4.60000000e+01 9.20000000e+02 6.40637773e-03 5.34065112e-02
  6.57517332e-03 1.92625570e+00]
 [4.70000000e+01 9.40000000e+02 6.40637773e-03 3.66826380e-02
  6.57517332e-03 1.91958496e+00]
 [4.80000000e+01 9.60000000e+02 6.40637773e-03 4.87632330e-02
  6.57517332e-03 1.89598239e+00]
 [4.90000000e+01 9.80000000e+02 6.40637773e-03 3.91784520e-02
  6.57517332e-03 1.87909379e+00]
 [5.00000000e+01 1.00000000e+03 6.40637773e-03 4.21405836e-02
  6.57517332e-03 1.85969407e+00]]