[[1.00000000e+00 2.00000000e+01 5.83964797e-03 1.73147672e-01
  6.25751638e-02 2.40067641e+00]
 [2.00000000e+00 4.00000000e+01 5.83964797e-03 1.28945164e-01
  1.15373142e-02 1.98917974e+00]
 [3.00000000e+00 6.00000000e+01 5.83964797e-03 1.47175401e-01
  1.10483834e-02 1.59930209e+00]
 [4.00000000e+00 8.00000000e+01 5.83964797e-03 1.29321807e-01
  9.50117930e-03 1.84566576e+00]
 [5.00000000e+00 1.00000000e+02 5.83964797e-03 1.03696451e-01
  9.18757592e-03 1.89245904e+00]
 [6.00000000e+00 1.20000000e+02 5.83964797e-03 1.18688088e-01
  8.58822069e-03 1.67087694e+00]
 [7.00000000e+00 1.40000000e+02 5.83964797e-03 1.09107047e-01
  8.54887232e-03 1.46439274e+00]
 [8.00000000e+00 1.60000000e+02 5.83964797e-03 1.14168160e-01
  7.96796565e-03 1.49225865e+00]
 [9.00000000e+00 1.80000000e+02 5.83964797e-03 1.30906064e-01
  7.71977652e-03 1.47597955e+00]
 [1.00000000e+01 2.00000000e+02 5.83964797e-03 9.65927383e-02
  7.71469921e-03 1.45861316e+00]
 [1.10000000e+01 2.20000000e+02 5.83964797e-03 1.11822376e-01
  7.69708249e-03 1.38556278e+00]
 [1.20000000e+01 2.40000000e+02 5.83964797e-03 1.01968933e-01
  7.65887007e-03 1.28816681e+00]
 [1.30000000e+01 2.60000000e+02 5.83964797e-03 1.09737803e-01
  7.63082725e-03 1.26407860e+00]
 [1.40000000e+01 2.80000000e+02 5.83964797e-03 7.32715714e-02
  7.63082725e-03 1.29991285e+00]
 [1.50000000e+01 3.00000000e+02 5.83964797e-03 1.21061038e-01
  6.47311722e-03 1.20863607e+00]
 [1.60000000e+01 3.20000000e+02 5.83964797e-03 8.58255339e-02
  6.14185687e-03 1.21627427e+00]
 [1.70000000e+01 3.40000000e+02 5.83964797e-03 1.01345399e-01
  6.13231974e-03 1.24494004e+00]
 [1.80000000e+01 3.60000000e+02 5.83964797e-03 9.78130245e-02
  6.13134092e-03 1.22832708e+00]
 [1.90000000e+01 3.80000000e+02 5.83964797e-03 9.61524215e-02
  6.13134092e-03 1.15241513e+00]
 [2.00000000e+01 4.00000000e+02 5.83964797e-03 9.22860598e-02
  6.13095144e-03 1.08341072e+00]
 [2.10000000e+01 4.20000000e+02 5.83964797e-03 1.06066062e-01
  6.13095144e-03 1.09031416e+00]
 [2.20000000e+01 4.40000000e+02 5.83964797e-03 8.07891166e-02
  6.13095144e-03 1.16264171e+00]
 [2.30000000e+01 4.60000000e+02 5.83964797e-03 8.04717958e-02
  6.13095144e-03 1.23225287e+00]
 [2.40000000e+01 4.80000000e+02 5.83964797e-03 6.61887529e-02
  6.12127524e-03 1.13425244e+00]
 [2.50000000e+01 5.00000000e+02 5.83964797e-03 9.35889187e-02
  6.12127524e-03 1.06983558e+00]
 [2.60000000e+01 5.20000000e+02 5.83964797e-03 7.54668200e-02
  6.12125669e-03 1.03396169e+00]
 [2.70000000e+01 5.40000000e+02 5.83964797e-03 8.62815846e-02
  6.12125669e-03 1.07910748e+00]
 [2.80000000e+01 5.60000000e+02 5.83964797e-03 8.47130875e-02
  6.12125669e-03 1.08238472e+00]
 [2.90000000e+01 5.80000000e+02 5.83964797e-03 7.99990215e-02
  6.12125669e-03 1.08901545e+00]
 [3.00000000e+01 6.00000000e+02 5.83964797e-03 7.97039851e-02
  6.12125669e-03 1.09612288e+00]]