[[1.00000000e+00 2.00000000e+01 5.83964797e-03 2.31751679e-01
  1.42725375e-02 2.36743790e+00]
 [2.00000000e+00 4.00000000e+01 5.83964797e-03 9.69896334e-02
  1.08370539e-02 1.82327352e+00]
 [3.00000000e+00 6.00000000e+01 5.83964797e-03 1.93984924e-01
  7.37118822e-03 1.54427403e+00]
 [4.00000000e+00 8.00000000e+01 5.83964797e-03 1.30111061e-01
  7.37118822e-03 1.87069009e+00]
 [5.00000000e+00 1.00000000e+02 5.83964797e-03 1.56260915e-01
  7.35193679e-03 1.71873696e+00]
 [6.00000000e+00 1.20000000e+02 5.83964797e-03 1.47820276e-01
  6.98701370e-03 1.66369384e+00]
 [7.00000000e+00 1.40000000e+02 5.83964797e-03 1.42671213e-01
  6.98244904e-03 1.49658942e+00]
 [8.00000000e+00 1.60000000e+02 5.83964797e-03 1.38311731e-01
  6.97285717e-03 1.29631187e+00]
 [9.00000000e+00 1.80000000e+02 5.83964797e-03 9.91955386e-02
  6.97088295e-03 1.41804553e+00]
 [1.00000000e+01 2.00000000e+02 5.83964797e-03 1.04758197e-01
  6.95193731e-03 1.47820546e+00]
 [1.10000000e+01 2.20000000e+02 5.83964797e-03 9.51914944e-02
  6.76103602e-03 1.41408470e+00]
 [1.20000000e+01 2.40000000e+02 5.83964797e-03 1.06232292e-01
  6.74125731e-03 1.25063524e+00]
 [1.30000000e+01 2.60000000e+02 5.83964797e-03 1.03709236e-01
  6.73979154e-03 1.20254968e+00]
 [1.40000000e+01 2.80000000e+02 5.83964797e-03 8.88777604e-02
  6.69200977e-03 1.18789592e+00]
 [1.50000000e+01 3.00000000e+02 5.83964797e-03 9.63004071e-02
  6.54574689e-03 1.21690450e+00]
 [1.60000000e+01 3.20000000e+02 5.83964797e-03 1.04056322e-01
  6.54006433e-03 1.20748830e+00]
 [1.70000000e+01 3.40000000e+02 5.83964797e-03 9.73013598e-02
  6.53642191e-03 1.08715543e+00]
 [1.80000000e+01 3.60000000e+02 5.83964797e-03 1.03381280e-01
  6.14097988e-03 1.04527773e+00]
 [1.90000000e+01 3.80000000e+02 5.83964797e-03 9.64774809e-02
  6.14097988e-03 1.08008540e+00]
 [2.00000000e+01 4.00000000e+02 5.83964797e-03 8.66139080e-02
  6.13996327e-03 1.09303832e+00]
 [2.10000000e+01 4.20000000e+02 5.83964797e-03 9.76839359e-02
  6.13211375e-03 1.08587512e+00]
 [2.20000000e+01 4.40000000e+02 5.83964797e-03 6.57042700e-02
  6.12919144e-03 1.10895526e+00]
 [2.30000000e+01 4.60000000e+02 5.83964797e-03 7.35142732e-02
  6.12821142e-03 1.10056632e+00]
 [2.40000000e+01 4.80000000e+02 5.83964797e-03 9.28093770e-02
  6.12821142e-03 1.07092693e+00]
 [2.50000000e+01 5.00000000e+02 5.83964797e-03 6.05553489e-02
  6.12821142e-03 1.04723979e+00]
 [2.60000000e+01 5.20000000e+02 5.83964797e-03 9.00034256e-02
  6.12400444e-03 9.87043492e-01]
 [2.70000000e+01 5.40000000e+02 5.83964797e-03 6.88763464e-02
  6.12166274e-03 9.79040080e-01]
 [2.80000000e+01 5.60000000e+02 5.83964797e-03 8.05649260e-02
  6.11621849e-03 9.65665409e-01]
 [2.90000000e+01 5.80000000e+02 5.83964797e-03 8.11593700e-02
  6.11621849e-03 9.74100513e-01]
 [3.00000000e+01 6.00000000e+02 5.83964797e-03 7.90051730e-02
  6.11621849e-03 9.76966519e-01]]