[[1.00000000e+00 2.00000000e+01 5.83964797e-03 2.21408037e-01
  1.16109686e-02 2.38001057e+00]
 [2.00000000e+00 4.00000000e+01 5.83964797e-03 1.20539212e-01
  9.28542510e-03 1.89395061e+00]
 [3.00000000e+00 6.00000000e+01 5.83964797e-03 2.05118909e-01
  8.92441606e-03 1.71935007e+00]
 [4.00000000e+00 8.00000000e+01 5.83964797e-03 1.18575866e-01
  8.40023627e-03 1.99490898e+00]
 [5.00000000e+00 1.00000000e+02 5.83964797e-03 1.36304782e-01
  7.77057144e-03 1.80926591e+00]
 [6.00000000e+00 1.20000000e+02 5.83964797e-03 1.25683985e-01
  6.70259683e-03 1.67008893e+00]
 [7.00000000e+00 1.40000000e+02 5.83964797e-03 1.04153095e-01
  6.64383134e-03 1.45373627e+00]
 [8.00000000e+00 1.60000000e+02 5.83964797e-03 1.17082986e-01
  6.30281538e-03 1.37666304e+00]
 [9.00000000e+00 1.80000000e+02 5.83964797e-03 1.05105935e-01
  6.26581197e-03 1.34923171e+00]
 [1.00000000e+01 2.00000000e+02 5.83964797e-03 1.09434699e-01
  6.25823554e-03 1.27638927e+00]
 [1.10000000e+01 2.20000000e+02 5.83964797e-03 9.37898086e-02
  6.25823554e-03 1.25711479e+00]
 [1.20000000e+01 2.40000000e+02 5.83964797e-03 1.09819392e-01
  6.23491076e-03 1.18732419e+00]
 [1.30000000e+01 2.60000000e+02 5.83964797e-03 9.16548371e-02
  6.22853403e-03 1.20811846e+00]
 [1.40000000e+01 2.80000000e+02 5.83964797e-03 8.63838157e-02
  6.21780189e-03 1.17161045e+00]
 [1.50000000e+01 3.00000000e+02 5.83964797e-03 8.98726720e-02
  6.21451913e-03 1.14091697e+00]
 [1.60000000e+01 3.20000000e+02 5.83964797e-03 1.28357241e-01
  6.19925092e-03 1.12074852e+00]
 [1.70000000e+01 3.40000000e+02 5.83964797e-03 8.24886480e-02
  6.19027009e-03 1.10798542e+00]
 [1.80000000e+01 3.60000000e+02 5.83964797e-03 1.00394385e-01
  6.18121741e-03 1.07236801e+00]
 [1.90000000e+01 3.80000000e+02 5.83964797e-03 9.80139283e-02
  6.17783979e-03 1.09589988e+00]
 [2.00000000e+01 4.00000000e+02 5.83964797e-03 7.00213562e-02
  6.17032853e-03 1.06628424e+00]
 [2.10000000e+01 4.20000000e+02 5.83964797e-03 1.08526036e-01
  6.15066992e-03 9.96220956e-01]
 [2.20000000e+01 4.40000000e+02 5.83964797e-03 8.34580897e-02
  6.14020335e-03 9.77033806e-01]
 [2.30000000e+01 4.60000000e+02 5.83964797e-03 9.91947959e-02
  6.13765914e-03 1.03894021e+00]
 [2.40000000e+01 4.80000000e+02 5.83964797e-03 8.77185199e-02
  6.12922418e-03 1.07260630e+00]
 [2.50000000e+01 5.00000000e+02 5.83964797e-03 1.00304360e-01
  6.12922418e-03 1.07961812e+00]
 [2.60000000e+01 5.20000000e+02 5.83964797e-03 8.57567679e-02
  6.12922418e-03 1.02118378e+00]
 [2.70000000e+01 5.40000000e+02 5.83964797e-03 7.85325588e-02
  6.12720024e-03 1.01692024e+00]
 [2.80000000e+01 5.60000000e+02 5.83964797e-03 8.98021873e-02
  6.11214713e-03 1.03926940e+00]
 [2.90000000e+01 5.80000000e+02 5.83964797e-03 7.87470745e-02
  6.11214713e-03 1.04884438e+00]
 [3.00000000e+01 6.00000000e+02 5.83964797e-03 9.67485388e-02
  6.10265907e-03 1.04087386e+00]]