[[1.00000000e+00 2.00000000e+01 5.83964797e-03 1.93164966e-01
  1.45895929e-02 2.43497072e+00]
 [2.00000000e+00 4.00000000e+01 5.83964797e-03 1.37132232e-01
  1.13136930e-02 1.85441128e+00]
 [3.00000000e+00 6.00000000e+01 5.83964797e-03 1.51899738e-01
  1.03403389e-02 1.59771378e+00]
 [4.00000000e+00 8.00000000e+01 5.80201889e-03 1.43040281e-01
  7.70359142e-03 1.80820714e+00]
 [5.00000000e+00 1.00000000e+02 5.80201889e-03 1.43529951e-01
  6.83951094e-03 1.67352180e+00]
 [6.00000000e+00 1.20000000e+02 5.80201889e-03 1.22705774e-01
  6.80650619e-03 1.55770408e+00]
 [7.00000000e+00 1.40000000e+02 5.80201889e-03 1.15828621e-01
  6.28112808e-03 1.43683760e+00]
 [8.00000000e+00 1.60000000e+02 5.80201889e-03 9.88165353e-02
  6.27602222e-03 1.36534638e+00]
 [9.00000000e+00 1.80000000e+02 5.80201889e-03 1.01239203e-01
  6.24543508e-03 1.39371399e+00]
 [1.00000000e+01 2.00000000e+02 5.80201889e-03 1.05884774e-01
  6.23205781e-03 1.41054221e+00]
 [1.10000000e+01 2.20000000e+02 5.80201889e-03 7.61659930e-02
  6.19954701e-03 1.37179547e+00]
 [1.20000000e+01 2.40000000e+02 5.80201889e-03 9.69372817e-02
  6.15718191e-03 1.27601261e+00]
 [1.30000000e+01 2.60000000e+02 5.80201889e-03 7.80544884e-02
  6.14867043e-03 1.15020464e+00]
 [1.40000000e+01 2.80000000e+02 5.80201889e-03 6.80862540e-02
  6.09343512e-03 1.09480568e+00]
 [1.50000000e+01 3.00000000e+02 5.80201889e-03 7.71037815e-02
  6.09083285e-03 1.14419039e+00]
 [1.60000000e+01 3.20000000e+02 5.80201889e-03 8.83445753e-02
  6.07616776e-03 1.13160368e+00]
 [1.70000000e+01 3.40000000e+02 5.80201889e-03 6.55615189e-02
  6.03670574e-03 1.06884032e+00]
 [1.80000000e+01 3.60000000e+02 5.77026207e-03 7.95102607e-02
  6.02114219e-03 1.04134245e+00]
 [1.90000000e+01 3.80000000e+02 5.77026207e-03 7.98688596e-02
  6.01472509e-03 1.03726075e+00]
 [2.00000000e+01 4.00000000e+02 5.77026207e-03 5.77924354e-02
  6.00903313e-03 1.03942871e+00]
 [2.10000000e+01 4.20000000e+02 5.77026207e-03 6.48514413e-02
  6.00903313e-03 1.04013722e+00]
 [2.20000000e+01 4.40000000e+02 5.77026207e-03 6.02362649e-02
  6.00125340e-03 1.00106980e+00]
 [2.30000000e+01 4.60000000e+02 5.77026207e-03 5.68997277e-02
  5.99769690e-03 9.84583743e-01]
 [2.40000000e+01 4.80000000e+02 5.77026207e-03 4.89257293e-02
  5.98595525e-03 9.75722035e-01]
 [2.50000000e+01 5.00000000e+02 5.77026207e-03 3.78463016e-02
  5.97710489e-03 9.50683508e-01]
 [2.60000000e+01 5.20000000e+02 5.77026207e-03 2.45850354e-02
  5.97710489e-03 8.78894203e-01]
 [2.70000000e+01 5.40000000e+02 5.77026207e-03 2.67052558e-02
  5.97710489e-03 8.70114335e-01]
 [2.80000000e+01 5.60000000e+02 5.77026207e-03 2.56134866e-02
  5.97710489e-03 9.36664713e-01]
 [2.90000000e+01 5.80000000e+02 5.77026207e-03 1.70161706e-02
  5.97710489e-03 9.28159621e-01]
 [3.00000000e+01 6.00000000e+02 5.77026207e-03 2.20236269e-02
  5.97710489e-03 9.20588381e-01]]