[[1.00000000e+00 2.00000000e+01 5.83964797e-03 1.77867917e-01
  1.72012484e-02 2.38460316e+00]
 [2.00000000e+00 4.00000000e+01 5.83964797e-03 1.26775739e-01
  1.19702840e-02 1.90087083e+00]
 [3.00000000e+00 6.00000000e+01 5.83964797e-03 1.58631759e-01
  9.68611591e-03 1.67121262e+00]
 [4.00000000e+00 8.00000000e+01 5.83964797e-03 1.56319515e-01
  8.92661305e-03 1.92969495e+00]
 [5.00000000e+00 1.00000000e+02 5.83964797e-03 1.11309620e-01
  8.25298728e-03 1.88044717e+00]
 [6.00000000e+00 1.20000000e+02 5.83964797e-03 1.27108589e-01
  8.21957154e-03 1.80381436e+00]
 [7.00000000e+00 1.40000000e+02 5.83964797e-03 1.20404414e-01
  8.18173381e-03 1.59387937e+00]
 [8.00000000e+00 1.60000000e+02 5.83964797e-03 9.74691270e-02
  7.53693725e-03 1.47643814e+00]
 [9.00000000e+00 1.80000000e+02 5.83964797e-03 1.32612790e-01
  7.51597790e-03 1.56225067e+00]
 [1.00000000e+01 2.00000000e+02 5.83964797e-03 8.45847688e-02
  7.29624875e-03 1.51042740e+00]
 [1.10000000e+01 2.20000000e+02 5.83964797e-03 1.00595948e-01
  7.17334084e-03 1.50068378e+00]
 [1.20000000e+01 2.40000000e+02 5.83964797e-03 1.11923444e-01
  6.94923352e-03 1.27551081e+00]
 [1.30000000e+01 2.60000000e+02 5.83964797e-03 1.02895490e-01
  6.93118758e-03 1.26340259e+00]
 [1.40000000e+01 2.80000000e+02 5.83964797e-03 7.81530826e-02
  6.87985410e-03 1.29540410e+00]
 [1.50000000e+01 3.00000000e+02 5.83964797e-03 1.03258928e-01
  6.87985410e-03 1.32467394e+00]
 [1.60000000e+01 3.20000000e+02 5.83964797e-03 8.72363342e-02
  6.87064334e-03 1.31841325e+00]
 [1.70000000e+01 3.40000000e+02 5.83964797e-03 8.75394689e-02
  6.85019489e-03 1.19963934e+00]
 [1.80000000e+01 3.60000000e+02 5.83964797e-03 1.05772504e-01
  6.85019489e-03 1.15300770e+00]
 [1.90000000e+01 3.80000000e+02 5.83964797e-03 9.45459416e-02
  6.14465744e-03 1.19519255e+00]
 [2.00000000e+01 4.00000000e+02 5.83964797e-03 1.02638757e-01
  6.14447098e-03 1.16042894e+00]
 [2.10000000e+01 4.20000000e+02 5.83964797e-03 8.80654696e-02
  6.14355056e-03 1.13009381e+00]
 [2.20000000e+01 4.40000000e+02 5.83964797e-03 1.01548784e-01
  6.13656499e-03 1.08256512e+00]
 [2.30000000e+01 4.60000000e+02 5.83964797e-03 1.01659387e-01
  6.13552370e-03 1.14293229e+00]
 [2.40000000e+01 4.80000000e+02 5.83964797e-03 9.42786093e-02
  6.13552370e-03 1.10749263e+00]
 [2.50000000e+01 5.00000000e+02 5.83964797e-03 9.19764776e-02
  6.13150216e-03 1.13951600e+00]
 [2.60000000e+01 5.20000000e+02 5.83964797e-03 9.42477928e-02
  6.13016992e-03 1.16392012e+00]
 [2.70000000e+01 5.40000000e+02 5.83964797e-03 9.20454345e-02
  6.13016809e-03 1.05932734e+00]
 [2.80000000e+01 5.60000000e+02 5.83964797e-03 8.40815110e-02
  6.13016809e-03 1.03537465e+00]
 [2.90000000e+01 5.80000000e+02 5.83964797e-03 1.08781170e-01
  6.12955201e-03 1.07278550e+00]
 [3.00000000e+01 6.00000000e+02 5.83964797e-03 8.15347315e-02
  6.12955201e-03 1.11204428e+00]]