[[1.00000000e+00 2.00000000e+01 1.22928326e-02 6.21175049e-01
  2.11415967e-01 1.07781539e+04 1.61497785e-02]
 [2.00000000e+00 4.00000000e+01 1.22928326e-02 6.21175049e-01
  2.11415967e-01 1.03667318e+04 3.51057363e-03]
 [3.00000000e+00 6.00000000e+01 1.22928326e-02 6.21175049e-01
  2.11415967e-01 1.10756148e+04 2.99985735e-03]
 [4.00000000e+00 8.00000000e+01 1.21393664e-02 4.12296351e-01
  7.16010266e-01 9.57648063e+03 3.15332349e-03]
 [5.00000000e+00 1.00000000e+02 1.21393664e-02 4.12296351e-01
  7.16010266e-01 1.12690764e+04 2.99400710e-03]
 [6.00000000e+00 1.20000000e+02 1.21186586e-02 4.12296351e-01
  7.16010266e-01 1.19429603e+04 3.01471490e-03]
 [7.00000000e+00 1.40000000e+02 1.17930679e-02 4.37643468e-01
  7.16010266e-01 8.69838067e+03 3.24408831e-03]
 [8.00000000e+00 1.60000000e+02 1.17930679e-02 4.37643468e-01
  7.16010266e-01 8.69838067e+03 3.24408831e-03]
 [9.00000000e+00 1.80000000e+02 1.16994549e-02 3.03534837e-01
  8.58882729e-01 9.17540240e+03 3.27294889e-03]
 [1.00000000e+01 2.00000000e+02 1.16994549e-02 3.03534837e-01
  8.58882729e-01 9.17540240e+03 3.27294889e-03]
 [1.10000000e+01 2.20000000e+02 1.16994549e-02 3.03534837e-01
  8.58882729e-01 9.17540240e+03 3.27294889e-03]
 [1.20000000e+01 2.40000000e+02 1.16994549e-02 3.03534837e-01
  8.58882729e-01 9.17540240e+03 3.27294889e-03]
 [1.30000000e+01 2.60000000e+02 1.16994549e-02 3.03534837e-01
  8.58882729e-01 1.20412855e+04 2.25410849e-03]
 [1.40000000e+01 2.80000000e+02 1.16994549e-02 3.03534837e-01
  8.58882729e-01 1.20412855e+04 2.25410849e-03]
 [1.50000000e+01 3.00000000e+02 1.16994549e-02 3.03534837e-01
  8.58882729e-01 1.20401551e+04 2.22063266e-03]
 [1.60000000e+01 3.20000000e+02 1.16585797e-02 8.84284656e-01
  2.93540109e-01 1.10027768e+04 1.99096371e-03]
 [1.70000000e+01 3.40000000e+02 1.16585797e-02 8.84284656e-01
  2.93540109e-01 1.09811936e+04 1.97412009e-03]
 [1.80000000e+01 3.60000000e+02 1.16585797e-02 8.84284656e-01
  2.93540109e-01 1.09747505e+04 1.97028516e-03]
 [1.90000000e+01 3.80000000e+02 1.16585797e-02 8.84284656e-01
  2.93540109e-01 1.09747505e+04 1.97028516e-03]
 [2.00000000e+01 4.00000000e+02 1.16585797e-02 8.84284656e-01
  2.93540109e-01 1.09747332e+04 1.97028516e-03]
 [2.10000000e+01 4.20000000e+02 1.15855422e-02 9.34584828e-01
  2.31432041e-01 1.09888937e+04 2.04332265e-03]
 [2.20000000e+01 4.40000000e+02 1.15041269e-02 4.37643468e-01
  7.16010266e-01 9.87938240e+03 2.12473796e-03]
 [2.30000000e+01 4.60000000e+02 1.15041269e-02 4.37643468e-01
  7.16010266e-01 9.87938240e+03 2.12473796e-03]
 [2.40000000e+01 4.80000000e+02 1.15041269e-02 4.37643468e-01
  7.16010266e-01 9.87446865e+03 1.80993494e-03]
 [2.50000000e+01 5.00000000e+02 1.14400324e-02 4.87321787e-01
  8.23905188e-01 9.74845338e+03 1.87402942e-03]
 [2.60000000e+01 5.20000000e+02 1.14400324e-02 4.87321787e-01
  8.23905188e-01 8.57541367e+03 1.71113581e-03]
 [2.70000000e+01 5.40000000e+02 1.14400324e-02 4.87321787e-01
  8.23905188e-01 8.57541367e+03 1.71113581e-03]
 [2.80000000e+01 5.60000000e+02 1.14400324e-02 4.87321787e-01
  8.23905188e-01 8.57541367e+03 1.71113581e-03]
 [2.90000000e+01 5.80000000e+02 1.14400324e-02 4.87321787e-01
  8.23905188e-01 8.57541367e+03 1.71113581e-03]
 [3.00000000e+01 6.00000000e+02 1.14400324e-02 4.87321787e-01
  8.23905188e-01 8.57448267e+03 1.71113581e-03]
 [3.10000000e+01 6.20000000e+02 1.12693272e-02 6.51539166e-01
  9.34442398e-01 9.07960873e+03 1.88184102e-03]
 [3.20000000e+01 6.40000000e+02 1.12693272e-02 6.51539166e-01
  9.34442398e-01 9.07960873e+03 1.88184102e-03]
 [3.30000000e+01 6.60000000e+02 1.12693272e-02 6.51539166e-01
  9.34442398e-01 7.13368790e+03 1.04238703e-03]
 [3.40000000e+01 6.80000000e+02 1.12693272e-02 6.51539166e-01
  9.34442398e-01 7.13368790e+03 1.04238703e-03]
 [3.50000000e+01 7.00000000e+02 1.12693272e-02 6.51539166e-01
  9.34442398e-01 6.99527511e+03 9.88211023e-04]
 [3.60000000e+01 7.20000000e+02 1.12693272e-02 6.51539166e-01
  9.34442398e-01 6.99527511e+03 9.88211023e-04]
 [3.70000000e+01 7.40000000e+02 1.12693272e-02 6.51539166e-01
  9.34442398e-01 6.99527511e+03 9.88211023e-04]
 [3.80000000e+01 7.60000000e+02 1.12693272e-02 6.51539166e-01
  9.34442398e-01 6.99527511e+03 9.88211023e-04]
 [3.90000000e+01 7.80000000e+02 1.12693272e-02 6.51539166e-01
  9.34442398e-01 6.99527511e+03 9.88211023e-04]
 [4.00000000e+01 8.00000000e+02 1.12052752e-02 9.89525513e-01
  8.84181335e-02 5.46959172e+03 1.05226302e-03]
 [4.10000000e+01 8.20000000e+02 1.12047546e-02 9.89525513e-01
  8.84181335e-02 4.71595629e+03 1.05278365e-03]
 [4.20000000e+01 8.40000000e+02 1.12047546e-02 9.89525513e-01
  8.84181335e-02 4.71595629e+03 1.05278365e-03]
 [4.30000000e+01 8.60000000e+02 1.12047546e-02 9.89525513e-01
  8.84181335e-02 4.71595629e+03 1.05278365e-03]
 [4.40000000e+01 8.80000000e+02 1.12047546e-02 9.89525513e-01
  8.84181335e-02 4.71595629e+03 1.05278365e-03]
 [4.50000000e+01 9.00000000e+02 1.11493273e-02 4.93616626e-01
  5.43971606e-01 4.84973501e+03 1.02491175e-03]
 [4.60000000e+01 9.20000000e+02 1.11049419e-02 4.93616626e-01
  5.43971606e-01 6.25175202e+03 1.06929717e-03]
 [4.70000000e+01 9.40000000e+02 1.11049419e-02 4.93616626e-01
  5.43971606e-01 6.25175202e+03 1.06929717e-03]
 [4.80000000e+01 9.60000000e+02 1.11049419e-02 4.93616626e-01
  5.43971606e-01 6.25175202e+03 1.06929717e-03]
 [4.90000000e+01 9.80000000e+02 1.11049419e-02 4.93616626e-01
  5.43971606e-01 6.25175202e+03 1.06929717e-03]
 [5.00000000e+01 1.00000000e+03 1.11049419e-02 4.93616626e-01
  5.43971606e-01 6.25175202e+03 1.06929717e-03]]