[[1.00000000e+00 2.00000000e+01 1.20113964e-02 9.30764911e-01
  5.26065578e-01 1.06846904e+04 6.94922205e-03]
 [2.00000000e+00 4.00000000e+01 1.19027444e-02 9.82950287e-01
  5.92954316e-02 1.13334638e+04 6.60335966e-03]
 [3.00000000e+00 6.00000000e+01 1.19027444e-02 9.82950287e-01
  5.92954316e-02 1.13328979e+04 6.60335966e-03]
 [4.00000000e+00 8.00000000e+01 1.19027444e-02 9.82950287e-01
  5.92954316e-02 1.13328979e+04 6.60335966e-03]
 [5.00000000e+00 1.00000000e+02 1.19027444e-02 9.82950287e-01
  5.92954316e-02 1.13328979e+04 6.60335966e-03]
 [6.00000000e+00 1.20000000e+02 1.19027444e-02 9.82950287e-01
  5.92954316e-02 1.13328979e+04 6.60335966e-03]
 [7.00000000e+00 1.40000000e+02 1.15807784e-02 6.51539166e-01
  7.07928020e-01 1.10737767e+04 5.45005058e-03]
 [8.00000000e+00 1.60000000e+02 1.15807784e-02 6.51539166e-01
  7.07928020e-01 1.10737767e+04 5.45005058e-03]
 [9.00000000e+00 1.80000000e+02 1.15807784e-02 6.51539166e-01
  7.07928020e-01 1.10737767e+04 5.45005058e-03]
 [1.00000000e+01 2.00000000e+02 1.15807784e-02 6.51539166e-01
  2.04062863e-02 1.10549373e+04 5.45005058e-03]
 [1.10000000e+01 2.20000000e+02 1.14584201e-02 8.45165087e-01
  6.81331755e-01 1.19918580e+04 2.27370775e-03]
 [1.20000000e+01 2.40000000e+02 1.13995756e-02 1.70490485e-01
  6.34526612e-01 1.01236571e+04 2.22760909e-03]
 [1.30000000e+01 2.60000000e+02 1.13140221e-02 2.60881770e-01
  4.92646261e-01 1.39258784e+04 1.90738444e-03]
 [1.40000000e+01 2.80000000e+02 1.13140221e-02 2.60881770e-01
  4.92646261e-01 1.39258784e+04 1.90738444e-03]
 [1.50000000e+01 3.00000000e+02 1.13140221e-02 2.60881770e-01
  4.92646261e-01 8.35788324e+03 1.67094752e-03]
 [1.60000000e+01 3.20000000e+02 1.11856510e-02 1.70490485e-01
  3.71324848e-01 1.02258683e+04 1.59360958e-03]
 [1.70000000e+01 3.40000000e+02 1.11856510e-02 1.70490485e-01
  3.71324848e-01 1.02258683e+04 1.59360958e-03]
 [1.80000000e+01 3.60000000e+02 1.11856510e-02 1.70490485e-01
  3.71324848e-01 8.68576787e+03 1.52342645e-03]
 [1.90000000e+01 3.80000000e+02 1.11856510e-02 1.70490485e-01
  3.71324848e-01 8.68576787e+03 1.52342645e-03]
 [2.00000000e+01 4.00000000e+02 1.11736062e-02 1.70490485e-01
  3.71324848e-01 8.49051063e+03 1.36291122e-03]
 [2.10000000e+01 4.20000000e+02 1.10764989e-02 2.24713845e-01
  4.28986567e-01 9.02053984e+03 1.46001852e-03]
 [2.20000000e+01 4.40000000e+02 1.10764989e-02 2.24713845e-01
  4.28986567e-01 9.02053984e+03 1.46001852e-03]
 [2.30000000e+01 4.60000000e+02 1.10764989e-02 2.24713845e-01
  4.28986567e-01 9.02053984e+03 1.46001852e-03]
 [2.40000000e+01 4.80000000e+02 1.10764989e-02 2.24713845e-01
  4.28986567e-01 9.02053984e+03 1.46001852e-03]
 [2.50000000e+01 5.00000000e+02 1.10764989e-02 2.24713845e-01
  4.28986567e-01 9.02053984e+03 1.46001852e-03]
 [2.60000000e+01 5.20000000e+02 1.10154552e-02 2.89088652e-01
  4.36762743e-02 1.17673429e+04 1.52106221e-03]
 [2.70000000e+01 5.40000000e+02 1.09933032e-02 9.00697779e-01
  4.36762743e-02 1.27013735e+04 1.54321426e-03]
 [2.80000000e+01 5.60000000e+02 1.09933032e-02 9.00697779e-01
  4.36762743e-02 1.27013735e+04 1.54321426e-03]
 [2.90000000e+01 5.80000000e+02 1.09933032e-02 9.00697779e-01
  4.36762743e-02 1.41436901e+04 1.27363065e-03]
 [3.00000000e+01 6.00000000e+02 1.09933032e-02 9.00697779e-01
  4.36762743e-02 1.41436901e+04 1.27363065e-03]
 [3.10000000e+01 6.20000000e+02 1.09933032e-02 9.00697779e-01
  4.36762743e-02 1.41436901e+04 1.27363065e-03]
 [3.20000000e+01 6.40000000e+02 1.09933032e-02 9.00697779e-01
  4.36762743e-02 1.41436901e+04 1.27363065e-03]
 [3.30000000e+01 6.60000000e+02 1.09933032e-02 9.00697779e-01
  4.36762743e-02 1.41436901e+04 1.27363065e-03]
 [3.40000000e+01 6.80000000e+02 1.09933032e-02 9.00697779e-01
  4.36762743e-02 1.41436901e+04 1.27363065e-03]
 [3.50000000e+01 7.00000000e+02 1.09933032e-02 9.00697779e-01
  4.36762743e-02 1.41436901e+04 1.27363065e-03]
 [3.60000000e+01 7.20000000e+02 1.09933032e-02 9.00697779e-01
  4.36762743e-02 1.41436901e+04 1.27363065e-03]
 [3.70000000e+01 7.40000000e+02 1.09933032e-02 9.00697779e-01
  4.36762743e-02 1.41436901e+04 1.27363065e-03]
 [3.80000000e+01 7.60000000e+02 1.09045125e-02 3.77429155e-01
  4.00021047e-01 1.21346586e+04 1.36242139e-03]
 [3.90000000e+01 7.80000000e+02 1.09045125e-02 3.77429155e-01
  4.00021047e-01 1.21346586e+04 1.36242139e-03]
 [4.00000000e+01 8.00000000e+02 1.09045125e-02 3.77429155e-01
  4.00021047e-01 1.21346586e+04 1.36242139e-03]
 [4.10000000e+01 8.20000000e+02 1.09045125e-02 3.77429155e-01
  4.00021047e-01 1.21346586e+04 1.36242139e-03]
 [4.20000000e+01 8.40000000e+02 1.09045125e-02 3.77429155e-01
  4.00021047e-01 1.21346586e+04 1.36242139e-03]
 [4.30000000e+01 8.60000000e+02 1.09045125e-02 3.77429155e-01
  4.00021047e-01 1.21346586e+04 1.36242139e-03]
 [4.40000000e+01 8.80000000e+02 1.09045125e-02 3.77429155e-01
  4.00021047e-01 1.21346586e+04 1.36242139e-03]
 [4.50000000e+01 9.00000000e+02 1.09045125e-02 3.77429155e-01
  4.00021047e-01 1.21346586e+04 1.36242139e-03]
 [4.60000000e+01 9.20000000e+02 1.09045125e-02 3.77429155e-01
  4.00021047e-01 1.21346586e+04 1.36242139e-03]
 [4.70000000e+01 9.40000000e+02 1.09045125e-02 3.77429155e-01
  4.00021047e-01 1.21346586e+04 1.36242139e-03]
 [4.80000000e+01 9.60000000e+02 1.09045125e-02 3.77429155e-01
  4.00021047e-01 1.21346586e+04 1.36242139e-03]
 [4.90000000e+01 9.80000000e+02 1.09045125e-02 3.77429155e-01
  4.00021047e-01 1.21346586e+04 1.36242139e-03]
 [5.00000000e+01 1.00000000e+03 1.08720388e-02 1.46051357e-01
  4.69694086e-01 1.18820476e+04 1.39489507e-03]]