[[1.00000000e+00 2.00000000e+01 7.97451920e-03 2.23277118e-01
  2.39738579e-02 2.72087381e+00]
 [2.00000000e+00 4.00000000e+01 6.92833155e-03 2.00215426e-01
  1.49804916e-02 2.71894698e+00]
 [3.00000000e+00 6.00000000e+01 6.90560857e-03 1.19686662e-01
  1.35331790e-02 2.62119809e+00]
 [4.00000000e+00 8.00000000e+01 6.90560857e-03 8.42834586e-02
  1.03546424e-02 2.33428721e+00]
 [5.00000000e+00 1.00000000e+02 6.90560857e-03 1.82557720e-01
  9.74449123e-03 2.22739943e+00]
 [6.00000000e+00 1.20000000e+02 6.90560857e-03 1.09110558e-01
  8.86088429e-03 2.26951777e+00]
 [7.00000000e+00 1.40000000e+02 6.90560857e-03 8.71485900e-02
  8.51000701e-03 2.25184291e+00]
 [8.00000000e+00 1.60000000e+02 6.62596321e-03 1.32956586e-01
  8.03513287e-03 2.21819802e+00]
 [9.00000000e+00 1.80000000e+02 6.47568921e-03 7.85015029e-02
  7.83694754e-03 2.21424278e+00]
 [1.00000000e+01 2.00000000e+02 6.42068912e-03 5.21180255e-02
  7.53690525e-03 2.24421574e+00]
 [1.10000000e+01 2.20000000e+02 6.42068912e-03 5.06431422e-02
  7.45084135e-03 2.21815550e+00]
 [1.20000000e+01 2.40000000e+02 6.42068912e-03 2.12239625e-01
  7.21680259e-03 2.09932322e+00]
 [1.30000000e+01 2.60000000e+02 6.42068912e-03 1.33953127e-01
  7.12268341e-03 2.08822133e+00]
 [1.40000000e+01 2.80000000e+02 6.40046592e-03 1.60101146e-01
  6.94022700e-03 1.98187549e+00]
 [1.50000000e+01 3.00000000e+02 6.39785814e-03 9.02621278e-02
  6.91738822e-03 2.02104941e+00]
 [1.60000000e+01 3.20000000e+02 6.39563687e-03 1.09692185e-01
  6.83321989e-03 1.95385658e+00]
 [1.70000000e+01 3.40000000e+02 6.38143296e-03 1.07787070e-01
  6.80655070e-03 1.82107221e+00]
 [1.80000000e+01 3.60000000e+02 6.34827585e-03 8.61773654e-02
  6.80230850e-03 1.78471456e+00]
 [1.90000000e+01 3.80000000e+02 6.34827585e-03 8.09870731e-02
  6.79190263e-03 1.74537271e+00]
 [2.00000000e+01 4.00000000e+02 6.34827585e-03 5.94668546e-02
  6.78094555e-03 1.78349865e+00]
 [2.10000000e+01 4.20000000e+02 6.34827585e-03 7.35258865e-02
  6.77425378e-03 1.83267772e+00]
 [2.20000000e+01 4.40000000e+02 6.31132950e-03 6.57708219e-02
  6.72536606e-03 1.83214768e+00]
 [2.30000000e+01 4.60000000e+02 6.31132950e-03 4.36008156e-02
  6.70622908e-03 1.66877400e+00]
 [2.40000000e+01 4.80000000e+02 6.31132950e-03 6.29841564e-02
  6.66456665e-03 1.56070952e+00]
 [2.50000000e+01 5.00000000e+02 6.31132950e-03 5.10626175e-02
  6.64337986e-03 1.54637416e+00]
 [2.60000000e+01 5.20000000e+02 6.26480906e-03 4.26538068e-02
  6.58119931e-03 1.42924693e+00]
 [2.70000000e+01 5.40000000e+02 6.26480906e-03 5.55035637e-02
  6.51403145e-03 1.35530816e+00]
 [2.80000000e+01 5.60000000e+02 6.20695201e-03 4.73523004e-02
  6.48228386e-03 1.31558659e+00]
 [2.90000000e+01 5.80000000e+02 6.14810058e-03 4.52668706e-02
  6.44687314e-03 1.25383996e+00]
 [3.00000000e+01 6.00000000e+02 6.14810058e-03 4.12487157e-02
  6.42558967e-03 1.25584195e+00]
 [3.10000000e+01 6.20000000e+02 6.12341975e-03 2.39330324e-02
  6.38977242e-03 1.21063807e+00]
 [3.20000000e+01 6.40000000e+02 6.12341975e-03 1.98931993e-02
  6.38134601e-03 1.16107120e+00]
 [3.30000000e+01 6.60000000e+02 6.12341975e-03 2.37051517e-02
  6.37383610e-03 1.19716991e+00]
 [3.40000000e+01 6.80000000e+02 6.12341975e-03 1.39583066e-02
  6.36182989e-03 1.15222642e+00]
 [3.50000000e+01 7.00000000e+02 6.07652877e-03 1.76849284e-02
  6.31922325e-03 1.15313702e+00]
 [3.60000000e+01 7.20000000e+02 6.07652877e-03 1.37120424e-02
  6.30644866e-03 1.17521424e+00]
 [3.70000000e+01 7.40000000e+02 6.07652877e-03 1.30009281e-02
  6.27195996e-03 1.14766933e+00]
 [3.80000000e+01 7.60000000e+02 6.07652877e-03 1.41203823e-02
  6.25117280e-03 1.11943619e+00]
 [3.90000000e+01 7.80000000e+02 6.07652877e-03 8.02771186e-03
  6.25117280e-03 1.09481601e+00]
 [4.00000000e+01 8.00000000e+02 6.07652877e-03 1.60165247e-02
  6.23795731e-03 1.11932308e+00]
 [4.10000000e+01 8.20000000e+02 6.07652877e-03 1.33142583e-02
  6.23718420e-03 1.12671114e+00]
 [4.20000000e+01 8.40000000e+02 6.07652877e-03 1.02934393e-02
  6.23549010e-03 1.08419939e+00]
 [4.30000000e+01 8.60000000e+02 6.07652877e-03 1.44223935e-02
  6.23061672e-03 1.08509305e+00]
 [4.40000000e+01 8.80000000e+02 6.07652877e-03 7.92073976e-03
  6.22392452e-03 1.04800030e+00]
 [4.50000000e+01 9.00000000e+02 6.07652877e-03 1.06410152e-02
  6.22336290e-03 1.03481465e+00]
 [4.60000000e+01 9.20000000e+02 6.07652877e-03 1.16708274e-02
  6.20936239e-03 1.06354307e+00]
 [4.70000000e+01 9.40000000e+02 6.02481243e-03 6.37192012e-03
  6.20445927e-03 1.05613582e+00]
 [4.80000000e+01 9.60000000e+02 6.02481243e-03 9.60201682e-03
  6.20153107e-03 1.07956859e+00]
 [4.90000000e+01 9.80000000e+02 6.02481243e-03 8.30197562e-03
  6.19991804e-03 1.04080128e+00]
 [5.00000000e+01 1.00000000e+03 6.02481243e-03 9.50592588e-03
  6.18696741e-03 1.01409942e+00]]