[[1.00000000e+00 2.00000000e+01 6.65644250e-03 2.01227840e-01
  1.68343458e-02 2.51387405e+00]
 [2.00000000e+00 4.00000000e+01 6.65644250e-03 1.62097968e-01
  1.15055909e-02 2.03004207e+00]
 [3.00000000e+00 6.00000000e+01 6.65644250e-03 1.91452670e-01
  1.01790857e-02 1.67324407e+00]
 [4.00000000e+00 8.00000000e+01 6.65644250e-03 1.00838181e-01
  9.95693061e-03 1.50636515e+00]
 [5.00000000e+00 1.00000000e+02 6.65644250e-03 1.07207504e-01
  9.67242606e-03 1.43223593e+00]
 [6.00000000e+00 1.20000000e+02 6.60619050e-03 1.13045809e-01
  8.35550036e-03 1.47940069e+00]
 [7.00000000e+00 1.40000000e+02 6.60619050e-03 7.11905721e-02
  7.29338247e-03 1.47326408e+00]
 [8.00000000e+00 1.60000000e+02 6.60619050e-03 5.77087639e-02
  7.17741222e-03 1.27807199e+00]
 [9.00000000e+00 1.80000000e+02 6.60619050e-03 5.31051013e-02
  7.07409548e-03 1.12819437e+00]
 [1.00000000e+01 2.00000000e+02 6.56801344e-03 5.41749225e-02
  7.06185366e-03 1.14232196e+00]
 [1.10000000e+01 2.20000000e+02 6.56801344e-03 3.63411418e-02
  6.90958813e-03 1.08507355e+00]
 [1.20000000e+01 2.40000000e+02 6.56801344e-03 3.07952027e-02
  6.78335256e-03 9.83978456e-01]
 [1.30000000e+01 2.60000000e+02 6.56801344e-03 5.06321161e-02
  6.77299136e-03 9.75782825e-01]
 [1.40000000e+01 2.80000000e+02 6.56801344e-03 3.58605557e-02
  6.74269781e-03 8.62143552e-01]
 [1.50000000e+01 3.00000000e+02 6.56801344e-03 4.18604991e-02
  6.69822078e-03 8.55108278e-01]
 [1.60000000e+01 3.20000000e+02 6.56801344e-03 3.37670126e-02
  6.69142446e-03 8.80716134e-01]
 [1.70000000e+01 3.40000000e+02 6.56801344e-03 3.05496698e-02
  6.68537509e-03 7.83823557e-01]
 [1.80000000e+01 3.60000000e+02 6.56801344e-03 4.12518350e-02
  6.68364800e-03 6.99177585e-01]
 [1.90000000e+01 3.80000000e+02 6.56801344e-03 2.30248634e-02
  6.68181947e-03 6.90642065e-01]
 [2.00000000e+01 4.00000000e+02 6.56801344e-03 2.01525043e-02
  6.68054880e-03 7.29112086e-01]
 [2.10000000e+01 4.20000000e+02 6.56801344e-03 1.60359347e-02
  6.68054880e-03 7.42744402e-01]
 [2.20000000e+01 4.40000000e+02 6.56801344e-03 2.45978795e-02
  6.67657255e-03 6.85350845e-01]
 [2.30000000e+01 4.60000000e+02 6.56801344e-03 1.41618919e-02
  6.67657255e-03 6.68936667e-01]
 [2.40000000e+01 4.80000000e+02 6.56801344e-03 1.46251699e-02
  6.67657255e-03 7.09483247e-01]
 [2.50000000e+01 5.00000000e+02 6.56801344e-03 1.75332673e-02
  6.67581544e-03 6.60946438e-01]
 [2.60000000e+01 5.20000000e+02 6.56801344e-03 1.11053648e-02
  6.67177276e-03 6.84576223e-01]
 [2.70000000e+01 5.40000000e+02 6.56801344e-03 5.43624100e-03
  6.67177276e-03 6.76923433e-01]
 [2.80000000e+01 5.60000000e+02 6.56801344e-03 8.47902709e-03
  6.67177276e-03 6.60271245e-01]
 [2.90000000e+01 5.80000000e+02 6.56801344e-03 9.35585185e-03
  6.67177276e-03 6.37292595e-01]
 [3.00000000e+01 6.00000000e+02 6.56801344e-03 8.27696433e-03
  6.67177276e-03 6.70205488e-01]
 [3.10000000e+01 6.20000000e+02 6.56801344e-03 5.50759715e-03
  6.67177276e-03 6.85785089e-01]
 [3.20000000e+01 6.40000000e+02 6.56801344e-03 7.26544343e-03
  6.67177276e-03 6.27180256e-01]
 [3.30000000e+01 6.60000000e+02 6.56801344e-03 4.78213510e-03
  6.67177276e-03 6.25500443e-01]
 [3.40000000e+01 6.80000000e+02 6.56801344e-03 9.28458392e-03
  6.67177276e-03 6.78677651e-01]
 [3.50000000e+01 7.00000000e+02 6.56801344e-03 9.08086387e-03
  6.67177276e-03 7.04265801e-01]
 [3.60000000e+01 7.20000000e+02 6.56801344e-03 5.57861857e-03
  6.67177276e-03 6.96682646e-01]
 [3.70000000e+01 7.40000000e+02 6.56801344e-03 1.19275134e-02
  6.67177276e-03 6.53404621e-01]
 [3.80000000e+01 7.60000000e+02 6.56801344e-03 7.02890699e-03
  6.67177276e-03 6.61199880e-01]
 [3.90000000e+01 7.80000000e+02 6.56801344e-03 8.68680598e-03
  6.67177276e-03 6.79900953e-01]
 [4.00000000e+01 8.00000000e+02 6.56801344e-03 6.37090497e-03
  6.67177276e-03 6.86466231e-01]
 [4.10000000e+01 8.20000000e+02 6.56801344e-03 6.84721971e-03
  6.67145033e-03 6.88328873e-01]
 [4.20000000e+01 8.40000000e+02 6.56801344e-03 6.16161930e-03
  6.67145033e-03 6.42767388e-01]
 [4.30000000e+01 8.60000000e+02 6.56801344e-03 9.05253051e-03
  6.67145033e-03 5.98014895e-01]
 [4.40000000e+01 8.80000000e+02 6.56801344e-03 6.59868916e-03
  6.67145033e-03 6.66521916e-01]
 [4.50000000e+01 9.00000000e+02 6.56801344e-03 5.32172853e-03
  6.67145033e-03 7.13399830e-01]
 [4.60000000e+01 9.20000000e+02 6.56801344e-03 8.49784869e-03
  6.67145033e-03 7.08540061e-01]
 [4.70000000e+01 9.40000000e+02 6.56801344e-03 7.68128324e-03
  6.67145033e-03 6.16029243e-01]
 [4.80000000e+01 9.60000000e+02 6.56801344e-03 5.43176296e-03
  6.67145033e-03 5.90423869e-01]
 [4.90000000e+01 9.80000000e+02 6.56801344e-03 7.75517132e-03
  6.67145033e-03 6.09388419e-01]
 [5.00000000e+01 1.00000000e+03 6.56801344e-03 6.24041329e-03
  6.67145033e-03 6.82107931e-01]]