[[1.00000000e+00 2.00000000e+01 1.21157655e-02 1.77271848e-01
  1.32611798e-02 2.57468519e+00]
 [2.00000000e+00 4.00000000e+01 1.21157655e-02 1.37590659e-01
  1.29605527e-02 2.15946687e+00]
 [3.00000000e+00 6.00000000e+01 1.16515798e-02 1.26074655e-01
  1.24448135e-02 1.75487351e+00]
 [4.00000000e+00 8.00000000e+01 1.13790320e-02 1.34932876e-01
  1.19243571e-02 1.73680020e+00]
 [5.00000000e+00 1.00000000e+02 1.11754173e-02 1.48385102e-01
  1.16917727e-02 1.79355698e+00]
 [6.00000000e+00 1.20000000e+02 1.11754173e-02 6.66586687e-02
  1.15042851e-02 1.44851670e+00]
 [7.00000000e+00 1.40000000e+02 1.10984975e-02 5.70508708e-02
  1.13549776e-02 1.15619807e+00]
 [8.00000000e+00 1.60000000e+02 1.10664905e-02 4.86730181e-02
  1.12877585e-02 1.03044044e+00]
 [9.00000000e+00 1.80000000e+02 1.10208627e-02 5.67987665e-02
  1.12415944e-02 1.00742108e+00]
 [1.00000000e+01 2.00000000e+02 1.10208627e-02 5.38548147e-02
  1.11714480e-02 1.00827657e+00]
 [1.10000000e+01 2.20000000e+02 1.10208627e-02 3.03209053e-02
  1.11330531e-02 9.45771896e-01]
 [1.20000000e+01 2.40000000e+02 1.10168164e-02 4.36652692e-02
  1.10917881e-02 8.24905841e-01]
 [1.30000000e+01 2.60000000e+02 1.10168164e-02 4.16703253e-02
  1.10890784e-02 7.13063889e-01]
 [1.40000000e+01 2.80000000e+02 1.10102233e-02 4.93379981e-02
  1.10718218e-02 6.57391250e-01]
 [1.50000000e+01 3.00000000e+02 1.09865764e-02 3.94411591e-02
  1.10631579e-02 7.22383390e-01]
 [1.60000000e+01 3.20000000e+02 1.09846322e-02 5.18115141e-02
  1.10498786e-02 7.82199134e-01]
 [1.70000000e+01 3.40000000e+02 1.09846322e-02 4.42793345e-02
  1.10450767e-02 7.72131361e-01]
 [1.80000000e+01 3.60000000e+02 1.09846322e-02 5.13056720e-02
  1.10358147e-02 7.33886157e-01]
 [1.90000000e+01 3.80000000e+02 1.09846322e-02 5.43729064e-02
  1.10318141e-02 6.94333203e-01]
 [2.00000000e+01 4.00000000e+02 1.09214163e-02 5.33880949e-02
  1.10073289e-02 6.80104867e-01]
 [2.10000000e+01 4.20000000e+02 1.09163899e-02 4.45541790e-02
  1.09921836e-02 6.96833966e-01]
 [2.20000000e+01 4.40000000e+02 1.09163899e-02 4.68247740e-02
  1.09854237e-02 6.14354385e-01]
 [2.30000000e+01 4.60000000e+02 1.09163899e-02 4.47545637e-02
  1.09804099e-02 6.06744810e-01]
 [2.40000000e+01 4.80000000e+02 1.09163899e-02 3.57132158e-02
  1.09698944e-02 5.98817860e-01]
 [2.50000000e+01 5.00000000e+02 1.09163899e-02 3.27960156e-02
  1.09689150e-02 6.51591058e-01]
 [2.60000000e+01 5.20000000e+02 1.09163899e-02 2.54621468e-02
  1.09658496e-02 6.15104936e-01]
 [2.70000000e+01 5.40000000e+02 1.09163899e-02 3.21410436e-02
  1.09623645e-02 5.94039321e-01]
 [2.80000000e+01 5.60000000e+02 1.09163899e-02 1.93490671e-02
  1.09587913e-02 5.76936675e-01]
 [2.90000000e+01 5.80000000e+02 1.09163899e-02 1.67129825e-02
  1.09575378e-02 6.27126909e-01]
 [3.00000000e+01 6.00000000e+02 1.09163899e-02 2.29781362e-02
  1.09562605e-02 5.62242972e-01]
 [3.10000000e+01 6.20000000e+02 1.08846058e-02 3.44304224e-02
  1.09464083e-02 4.88158953e-01]
 [3.20000000e+01 6.40000000e+02 1.08846058e-02 3.07668896e-02
  1.09435015e-02 5.15074316e-01]
 [3.30000000e+01 6.60000000e+02 1.08846058e-02 1.90332493e-02
  1.09365079e-02 5.02506171e-01]
 [3.40000000e+01 6.80000000e+02 1.08846058e-02 2.38554096e-02
  1.09287723e-02 5.27765493e-01]
 [3.50000000e+01 7.00000000e+02 1.08630434e-02 2.56010669e-02
  1.09214544e-02 5.18439361e-01]
 [3.60000000e+01 7.20000000e+02 1.08630434e-02 2.69884731e-02
  1.09191873e-02 4.57658601e-01]
 [3.70000000e+01 7.40000000e+02 1.08630434e-02 1.41427673e-02
  1.09175363e-02 4.48903516e-01]
 [3.80000000e+01 7.60000000e+02 1.08600935e-02 1.79566263e-02
  1.09081464e-02 4.97694482e-01]
 [3.90000000e+01 7.80000000e+02 1.08320913e-02 2.04245527e-02
  1.09030887e-02 4.94697904e-01]
 [4.00000000e+01 8.00000000e+02 1.08320913e-02 1.49164985e-02
  1.08990178e-02 4.66072515e-01]
 [4.10000000e+01 8.20000000e+02 1.08320913e-02 7.41780587e-03
  1.08938457e-02 4.33716551e-01]
 [4.20000000e+01 8.40000000e+02 1.08320913e-02 1.44483812e-02
  1.08901146e-02 4.56686112e-01]
 [4.30000000e+01 8.60000000e+02 1.08320913e-02 6.47306002e-03
  1.08866867e-02 4.48521466e-01]
 [4.40000000e+01 8.80000000e+02 1.08201196e-02 1.45759782e-02
  1.08812249e-02 3.74481023e-01]
 [4.50000000e+01 9.00000000e+02 1.08201196e-02 1.01469059e-02
  1.08795985e-02 3.92337854e-01]
 [4.60000000e+01 9.20000000e+02 1.08201196e-02 9.58865219e-03
  1.08740710e-02 3.58230425e-01]
 [4.70000000e+01 9.40000000e+02 1.08201196e-02 1.26024942e-02
  1.08725723e-02 3.91341946e-01]
 [4.80000000e+01 9.60000000e+02 1.08201196e-02 6.93232761e-03
  1.08688792e-02 4.33095629e-01]
 [4.90000000e+01 9.80000000e+02 1.08201196e-02 8.86979139e-03
  1.08679325e-02 3.09111668e-01]
 [5.00000000e+01 1.00000000e+03 1.08201196e-02 7.61931036e-03
  1.08643819e-02 3.19507087e-01]]