[[1.00000000e+00 2.00000000e+01 1.21795760e-02 1.80729998e-01
  1.34559327e-02 2.64642922e+00]
 [2.00000000e+00 4.00000000e+01 1.21376341e-02 1.38648974e-01
  1.30915657e-02 2.67823956e+00]
 [3.00000000e+00 6.00000000e+01 1.20099024e-02 1.27101583e-01
  1.26282339e-02 2.57443376e+00]
 [4.00000000e+00 8.00000000e+01 1.17379897e-02 1.70254220e-01
  1.22843513e-02 2.53712018e+00]
 [5.00000000e+00 1.00000000e+02 1.12227520e-02 1.42552394e-01
  1.19974913e-02 2.61163903e+00]
 [6.00000000e+00 1.20000000e+02 1.12227520e-02 1.49305134e-01
  1.18128887e-02 2.53078493e+00]
 [7.00000000e+00 1.40000000e+02 1.12227520e-02 1.41104597e-01
  1.16905193e-02 2.45422336e+00]
 [8.00000000e+00 1.60000000e+02 1.12227520e-02 1.35599216e-01
  1.16175104e-02 2.28331445e+00]
 [9.00000000e+00 1.80000000e+02 1.12227520e-02 1.03416508e-01
  1.15398944e-02 2.14799101e+00]
 [1.00000000e+01 2.00000000e+02 1.12227520e-02 8.02672154e-02
  1.14811055e-02 2.05907627e+00]
 [1.10000000e+01 2.20000000e+02 1.12227520e-02 7.29039331e-02
  1.13899193e-02 1.93991958e+00]
 [1.20000000e+01 2.40000000e+02 1.12161452e-02 8.14393871e-02
  1.13421908e-02 1.86300292e+00]
 [1.30000000e+01 2.60000000e+02 1.11131021e-02 7.07257234e-02
  1.13035966e-02 1.75352235e+00]
 [1.40000000e+01 2.80000000e+02 1.11131021e-02 7.28023492e-02
  1.13002605e-02 1.77386412e+00]
 [1.50000000e+01 3.00000000e+02 1.11131021e-02 8.30803647e-02
  1.12932316e-02 1.70939126e+00]
 [1.60000000e+01 3.20000000e+02 1.11131021e-02 7.99071209e-02
  1.12738022e-02 1.66520574e+00]
 [1.70000000e+01 3.40000000e+02 1.11131021e-02 5.98548121e-02
  1.12607972e-02 1.72578824e+00]
 [1.80000000e+01 3.60000000e+02 1.11131021e-02 8.79275469e-02
  1.12447893e-02 1.66142226e+00]
 [1.90000000e+01 3.80000000e+02 1.10581870e-02 7.14726237e-02
  1.12208392e-02 1.57723552e+00]
 [2.00000000e+01 4.00000000e+02 1.10508460e-02 7.23535788e-02
  1.12024475e-02 1.62312668e+00]
 [2.10000000e+01 4.20000000e+02 1.10508460e-02 5.41428958e-02
  1.11776285e-02 1.60612780e+00]
 [2.20000000e+01 4.40000000e+02 1.10508460e-02 4.99201540e-02
  1.11660305e-02 1.50334853e+00]
 [2.30000000e+01 4.60000000e+02 1.10480674e-02 5.52088398e-02
  1.11557552e-02 1.42100127e+00]
 [2.40000000e+01 4.80000000e+02 1.10390857e-02 9.04016867e-02
  1.11278746e-02 1.31761337e+00]
 [2.50000000e+01 5.00000000e+02 1.09344758e-02 8.28719554e-02
  1.11071722e-02 1.27992868e+00]
 [2.60000000e+01 5.20000000e+02 1.09344758e-02 4.95632533e-02
  1.10774727e-02 1.24498046e+00]
 [2.70000000e+01 5.40000000e+02 1.09344758e-02 4.29107738e-02
  1.10632609e-02 1.20505707e+00]
 [2.80000000e+01 5.60000000e+02 1.09170184e-02 3.47279085e-02
  1.10335255e-02 1.14484667e+00]
 [2.90000000e+01 5.80000000e+02 1.09170184e-02 4.18639604e-02
  1.10201604e-02 1.11552517e+00]
 [3.00000000e+01 6.00000000e+02 1.09170184e-02 2.90039897e-02
  1.10148612e-02 1.13399362e+00]
 [3.10000000e+01 6.20000000e+02 1.09170184e-02 3.53911032e-02
  1.10040322e-02 1.13213342e+00]
 [3.20000000e+01 6.40000000e+02 1.09128703e-02 3.03167323e-02
  1.09794627e-02 1.09074099e+00]
 [3.30000000e+01 6.60000000e+02 1.08788414e-02 2.48969412e-02
  1.09664065e-02 1.14635234e+00]
 [3.40000000e+01 6.80000000e+02 1.08718280e-02 1.51842071e-02
  1.09613892e-02 1.11500744e+00]
 [3.50000000e+01 7.00000000e+02 1.08718280e-02 1.57565248e-02
  1.09530624e-02 1.13935946e+00]
 [3.60000000e+01 7.20000000e+02 1.08718280e-02 1.07127534e-02
  1.09402701e-02 1.15479673e+00]
 [3.70000000e+01 7.40000000e+02 1.08622237e-02 1.19555126e-02
  1.09376696e-02 1.12134056e+00]
 [3.80000000e+01 7.60000000e+02 1.08154501e-02 1.54749627e-02
  1.09289429e-02 1.05401493e+00]
 [3.90000000e+01 7.80000000e+02 1.08154501e-02 1.04070732e-02
  1.09239032e-02 1.03651943e+00]
 [4.00000000e+01 8.00000000e+02 1.08154501e-02 1.14273929e-02
  1.09137396e-02 1.02206936e+00]
 [4.10000000e+01 8.20000000e+02 1.08154501e-02 1.18497021e-02
  1.09063762e-02 1.01053050e+00]
 [4.20000000e+01 8.40000000e+02 1.08154501e-02 1.09175417e-02
  1.08982919e-02 9.57672018e-01]
 [4.30000000e+01 8.60000000e+02 1.08154501e-02 1.01208192e-02
  1.08926783e-02 8.86847025e-01]
 [4.40000000e+01 8.80000000e+02 1.08154501e-02 7.33034378e-03
  1.08859020e-02 9.55706561e-01]
 [4.50000000e+01 9.00000000e+02 1.08154501e-02 7.32224635e-03
  1.08820300e-02 9.78311453e-01]
 [4.60000000e+01 9.20000000e+02 1.07918774e-02 8.55220344e-03
  1.08754134e-02 9.28538369e-01]
 [4.70000000e+01 9.40000000e+02 1.07918774e-02 8.51153481e-03
  1.08739868e-02 9.57147263e-01]
 [4.80000000e+01 9.60000000e+02 1.07918774e-02 4.95783372e-03
  1.08727108e-02 9.65137072e-01]
 [4.90000000e+01 9.80000000e+02 1.07918774e-02 8.28991575e-03
  1.08670360e-02 9.26826746e-01]
 [5.00000000e+01 1.00000000e+03 1.07918774e-02 8.28843256e-03
  1.08665787e-02 9.31413236e-01]]