[[1.00000000e+00 2.00000000e+01 1.19808302e-02 5.38060603e-01
  5.58834587e-01 1.15877352e+04 1.75563043e-02]
 [2.00000000e+00 4.00000000e+01 1.19085698e-02 4.72685695e-01
  7.79410232e-01 8.76506759e+03 1.76285648e-02]
 [3.00000000e+00 6.00000000e+01 1.19085698e-02 4.72685695e-01
  7.79410232e-01 8.60486945e+03 5.22710953e-03]
 [4.00000000e+00 8.00000000e+01 1.18316354e-02 5.38060603e-01
  5.58834587e-01 1.09464886e+04 4.50355564e-03]
 [5.00000000e+00 1.00000000e+02 1.18316354e-02 5.38060603e-01
  5.58834587e-01 9.25869452e+03 4.14360827e-03]
 [6.00000000e+00 1.20000000e+02 1.18316354e-02 5.38060603e-01
  5.58834587e-01 9.26295278e+03 2.80803926e-03]
 [7.00000000e+00 1.40000000e+02 1.17335881e-02 1.60730721e-01
  5.29158770e-01 7.84197754e+03 2.90608657e-03]
 [8.00000000e+00 1.60000000e+02 1.16925474e-02 6.29589562e-01
  2.17474843e-01 9.05702211e+03 2.94712733e-03]
 [9.00000000e+00 1.80000000e+02 1.16462198e-02 5.55617738e-01
  2.63943987e-01 1.18459579e+04 1.70428710e-03]
 [1.00000000e+01 2.00000000e+02 1.14389263e-02 5.55617738e-01
  2.63943987e-01 1.31820586e+04 1.91158067e-03]
 [1.10000000e+01 2.20000000e+02 1.14389263e-02 5.55617738e-01
  2.63943987e-01 1.31820586e+04 1.91158067e-03]
 [1.20000000e+01 2.40000000e+02 1.14207986e-02 2.40122930e-01
  3.30245347e-01 1.11406434e+04 1.54515906e-03]
 [1.30000000e+01 2.60000000e+02 1.13775153e-02 2.40122930e-01
  2.76796504e-02 1.11486008e+04 1.58844242e-03]
 [1.40000000e+01 2.80000000e+02 1.13775153e-02 2.40122930e-01
  2.76796504e-02 8.29990619e+03 1.45074557e-03]
 [1.50000000e+01 3.00000000e+02 1.13775153e-02 2.40122930e-01
  2.76796504e-02 8.29984043e+03 1.45074557e-03]
 [1.60000000e+01 3.20000000e+02 1.13775153e-02 2.40122930e-01
  2.76796504e-02 8.29984043e+03 1.45074557e-03]
 [1.70000000e+01 3.40000000e+02 1.13775153e-02 2.40122930e-01
  2.76796504e-02 7.29724416e+03 1.41828657e-03]
 [1.80000000e+01 3.60000000e+02 1.13775153e-02 2.40122930e-01
  2.76796504e-02 7.29724416e+03 1.41828657e-03]
 [1.90000000e+01 3.80000000e+02 1.12946159e-02 3.68856581e-01
  2.63943987e-01 8.03797788e+03 1.50118595e-03]
 [2.00000000e+01 4.00000000e+02 1.12800604e-02 3.68856581e-01
  2.63943987e-01 9.98358996e+03 1.33540902e-03]
 [2.10000000e+01 4.20000000e+02 1.12716484e-02 3.68856581e-01
  2.63943987e-01 6.09569836e+03 1.15126021e-03]
 [2.20000000e+01 4.40000000e+02 1.12716484e-02 3.68856581e-01
  2.63943987e-01 6.09569836e+03 1.15126021e-03]
 [2.30000000e+01 4.60000000e+02 1.11711183e-02 1.84795505e-01
  9.05705155e-01 7.71688635e+03 1.25179035e-03]
 [2.40000000e+01 4.80000000e+02 1.10279697e-02 5.13061413e-01
  3.71796490e-01 1.34066346e+04 8.09511407e-04]
 [2.50000000e+01 5.00000000e+02 1.10279697e-02 5.13061413e-01
  3.71796490e-01 1.34066346e+04 8.09511407e-04]
 [2.60000000e+01 5.20000000e+02 1.10279697e-02 5.13061413e-01
  3.71796490e-01 1.34066346e+04 8.09511407e-04]
 [2.70000000e+01 5.40000000e+02 1.10279697e-02 5.13061413e-01
  3.71796490e-01 1.34066346e+04 8.09511407e-04]
 [2.80000000e+01 5.60000000e+02 1.10279697e-02 5.13061413e-01
  3.71796490e-01 1.34066346e+04 8.09511407e-04]
 [2.90000000e+01 5.80000000e+02 1.10279697e-02 5.13061413e-01
  3.71796490e-01 1.34066346e+04 8.09511407e-04]
 [3.00000000e+01 6.00000000e+02 1.10279697e-02 5.13061413e-01
  3.71796490e-01 1.34066346e+04 8.09511407e-04]
 [3.10000000e+01 6.20000000e+02 1.10279697e-02 5.13061413e-01
  3.71796490e-01 1.34066346e+04 8.09511407e-04]
 [3.20000000e+01 6.40000000e+02 1.10279697e-02 5.13061413e-01
  3.71796490e-01 1.34066346e+04 8.09511407e-04]
 [3.30000000e+01 6.60000000e+02 1.10247395e-02 3.37007501e-01
  5.46147345e-01 1.13012361e+04 8.12741660e-04]
 [3.40000000e+01 6.80000000e+02 1.08553895e-02 3.37007501e-01
  5.46147345e-01 1.16918114e+04 9.63381661e-04]
 [3.50000000e+01 7.00000000e+02 1.08553895e-02 3.37007501e-01
  5.46147345e-01 1.16918114e+04 9.63381661e-04]
 [3.60000000e+01 7.20000000e+02 1.08553895e-02 3.37007501e-01
  5.46147345e-01 1.09564395e+04 8.62567829e-04]
 [3.70000000e+01 7.40000000e+02 1.08553895e-02 3.37007501e-01
  5.46147345e-01 1.09564395e+04 8.62567829e-04]
 [3.80000000e+01 7.60000000e+02 1.08553895e-02 3.37007501e-01
  5.46147345e-01 1.09564395e+04 8.62567829e-04]
 [3.90000000e+01 7.80000000e+02 1.08553895e-02 3.37007501e-01
  5.46147345e-01 1.09564395e+04 8.62567829e-04]
 [4.00000000e+01 8.00000000e+02 1.08553895e-02 3.37007501e-01
  5.46147345e-01 3.56826342e+03 6.27816004e-04]
 [4.10000000e+01 8.20000000e+02 1.08553895e-02 3.37007501e-01
  5.46147345e-01 3.56826342e+03 6.27816004e-04]
 [4.20000000e+01 8.40000000e+02 1.08553895e-02 3.37007501e-01
  5.46147345e-01 8.32299027e+03 4.79448030e-04]
 [4.30000000e+01 8.60000000e+02 1.08553895e-02 3.37007501e-01
  5.46147345e-01 8.32299027e+03 4.79448030e-04]
 [4.40000000e+01 8.80000000e+02 1.08553895e-02 3.37007501e-01
  5.46147345e-01 8.32299027e+03 4.79448030e-04]
 [4.50000000e+01 9.00000000e+02 1.08553895e-02 3.37007501e-01
  5.46147345e-01 8.32299027e+03 4.79448030e-04]
 [4.60000000e+01 9.20000000e+02 1.08553895e-02 3.37007501e-01
  5.46147345e-01 8.32299027e+03 4.79448030e-04]
 [4.70000000e+01 9.40000000e+02 1.08483706e-02 3.33553443e-01
  4.47728668e-01 6.52469059e+03 4.86466890e-04]
 [4.80000000e+01 9.60000000e+02 1.08483706e-02 3.33553443e-01
  4.47728668e-01 6.52469059e+03 4.86466890e-04]
 [4.90000000e+01 9.80000000e+02 1.08483706e-02 3.33553443e-01
  4.47728668e-01 6.52469059e+03 4.86466890e-04]
 [5.00000000e+01 1.00000000e+03 1.08483706e-02 3.33553443e-01
  4.47728668e-01 6.52469059e+03 4.86466890e-04]]