[[1.00000000e+00 2.00000000e+01 1.23065451e-02 3.91412484e-01
  5.31405455e-02 9.20671367e+03 6.78856960e-03]
 [2.00000000e+00 4.00000000e+01 1.20681760e-02 4.60014479e-01
  5.31405455e-02 9.20604930e+03 7.02693870e-03]
 [3.00000000e+00 6.00000000e+01 1.20681760e-02 4.60014479e-01
  5.31405455e-02 8.92540652e+03 5.96842030e-03]
 [4.00000000e+00 8.00000000e+01 1.20681760e-02 4.60014479e-01
  5.31405455e-02 9.43517591e+03 5.95514213e-03]
 [5.00000000e+00 1.00000000e+02 1.19920657e-02 2.33107635e-01
  8.58882729e-01 1.07591236e+04 5.97198469e-03]
 [6.00000000e+00 1.20000000e+02 1.18883901e-02 5.52627401e-01
  4.67951452e-01 1.06658609e+04 6.07566028e-03]
 [7.00000000e+00 1.40000000e+02 1.18883901e-02 5.52627401e-01
  4.67951452e-01 1.06658609e+04 6.07566028e-03]
 [8.00000000e+00 1.60000000e+02 1.15565059e-02 5.52627401e-01
  4.67951452e-01 8.56051760e+03 6.40754447e-03]
 [9.00000000e+00 1.80000000e+02 1.14076481e-02 8.62169204e-01
  2.75049614e-01 1.25118663e+04 6.55640233e-03]
 [1.00000000e+01 2.00000000e+02 1.14076481e-02 8.62169204e-01
  2.75049614e-01 1.25118663e+04 6.55640233e-03]
 [1.10000000e+01 2.20000000e+02 1.14076481e-02 8.62169204e-01
  2.75049614e-01 1.25118663e+04 6.55640233e-03]
 [1.20000000e+01 2.40000000e+02 1.14076481e-02 8.62169204e-01
  2.75049614e-01 1.25118663e+04 6.55640233e-03]
 [1.30000000e+01 2.60000000e+02 1.14076481e-02 8.62169204e-01
  2.75049614e-01 1.23017748e+04 5.95430335e-03]
 [1.40000000e+01 2.80000000e+02 1.13969007e-02 8.62169204e-01
  2.75049614e-01 1.39294658e+04 3.82303030e-03]
 [1.50000000e+01 3.00000000e+02 1.13969007e-02 8.62169204e-01
  2.75049614e-01 9.57724785e+03 1.50526432e-03]
 [1.60000000e+01 3.20000000e+02 1.13969007e-02 8.62169204e-01
  2.75049614e-01 9.56974793e+03 1.50526432e-03]
 [1.70000000e+01 3.40000000e+02 1.13969007e-02 8.62169204e-01
  2.75049614e-01 9.56974793e+03 1.50526432e-03]
 [1.80000000e+01 3.60000000e+02 1.13305907e-02 2.24713845e-01
  3.63266891e-01 1.04409427e+04 1.57157431e-03]
 [1.90000000e+01 3.80000000e+02 1.13305907e-02 2.24713845e-01
  3.63266891e-01 1.04408649e+04 1.57157431e-03]
 [2.00000000e+01 4.00000000e+02 1.11970470e-02 8.62169204e-01
  2.75049614e-01 1.02320290e+04 1.70511807e-03]
 [2.10000000e+01 4.20000000e+02 1.11970470e-02 8.62169204e-01
  2.75049614e-01 1.02320194e+04 1.70511807e-03]
 [2.20000000e+01 4.40000000e+02 1.11970470e-02 8.62169204e-01
  2.75049614e-01 1.02320194e+04 1.70511807e-03]
 [2.30000000e+01 4.60000000e+02 1.11970470e-02 8.62169204e-01
  2.75049614e-01 1.02320194e+04 1.70511807e-03]
 [2.40000000e+01 4.80000000e+02 1.11970470e-02 8.62169204e-01
  2.75049614e-01 1.02320194e+04 1.70511807e-03]
 [2.50000000e+01 5.00000000e+02 1.11970470e-02 8.62169204e-01
  2.75049614e-01 1.02320194e+04 1.70511807e-03]
 [2.60000000e+01 5.20000000e+02 1.11970470e-02 8.62169204e-01
  2.75049614e-01 1.05668916e+04 1.70511807e-03]
 [2.70000000e+01 5.40000000e+02 1.11705804e-02 5.91737183e-01
  6.14626371e-01 1.32475534e+04 1.73158459e-03]
 [2.80000000e+01 5.60000000e+02 1.11608818e-02 2.24713845e-01
  3.63266891e-01 8.97173822e+03 1.74128326e-03]
 [2.90000000e+01 5.80000000e+02 1.11608818e-02 2.24713845e-01
  3.63266891e-01 8.97173822e+03 1.74128326e-03]
 [3.00000000e+01 6.00000000e+02 1.11608818e-02 2.24713845e-01
  3.63266891e-01 8.97173822e+03 1.74128326e-03]
 [3.10000000e+01 6.20000000e+02 1.11608818e-02 2.24713845e-01
  3.63266891e-01 8.97173822e+03 1.74128326e-03]
 [3.20000000e+01 6.40000000e+02 1.11608818e-02 2.24713845e-01
  3.63266891e-01 8.97173822e+03 1.74128326e-03]
 [3.30000000e+01 6.60000000e+02 1.11608818e-02 2.24713845e-01
  3.63266891e-01 8.97173822e+03 1.74128326e-03]
 [3.40000000e+01 6.80000000e+02 1.11608818e-02 2.24713845e-01
  3.63266891e-01 8.96361346e+03 1.69202534e-03]
 [3.50000000e+01 7.00000000e+02 1.11608818e-02 2.24713845e-01
  3.63266891e-01 8.98330847e+03 1.63850621e-03]
 [3.60000000e+01 7.20000000e+02 1.11608818e-02 2.24713845e-01
  3.63266891e-01 8.98330847e+03 1.63850621e-03]
 [3.70000000e+01 7.40000000e+02 1.11608818e-02 2.24713845e-01
  3.63266891e-01 8.94072589e+03 1.63383245e-03]
 [3.80000000e+01 7.60000000e+02 1.11608818e-02 2.24713845e-01
  3.63266891e-01 8.94156005e+03 1.63383245e-03]
 [3.90000000e+01 7.80000000e+02 1.11608818e-02 2.24713845e-01
  3.63266891e-01 8.69076508e+03 1.59845379e-03]
 [4.00000000e+01 8.00000000e+02 1.11608818e-02 2.24713845e-01
  3.63266891e-01 8.69072946e+03 1.58392952e-03]
 [4.10000000e+01 8.20000000e+02 1.11608818e-02 2.24713845e-01
  3.63266891e-01 8.68618936e+03 1.47138014e-03]
 [4.20000000e+01 8.40000000e+02 1.11305284e-02 5.52627401e-01
  8.81456719e-02 1.07997032e+04 1.47658479e-03]
 [4.30000000e+01 8.60000000e+02 1.11305284e-02 5.52627401e-01
  8.81456719e-02 9.68281429e+03 1.32841326e-03]
 [4.40000000e+01 8.80000000e+02 1.11305284e-02 5.52627401e-01
  8.81456719e-02 9.68281429e+03 1.32841326e-03]
 [4.50000000e+01 9.00000000e+02 1.11305284e-02 5.52627401e-01
  8.81456719e-02 1.09944733e+04 1.32591329e-03]
 [4.60000000e+01 9.20000000e+02 1.11305284e-02 5.52627401e-01
  8.81456719e-02 1.09934990e+04 1.32591329e-03]
 [4.70000000e+01 9.40000000e+02 1.11305284e-02 5.52627401e-01
  8.81456719e-02 1.09934990e+04 1.32591329e-03]
 [4.80000000e+01 9.60000000e+02 1.11286344e-02 5.52627401e-01
  8.81456719e-02 1.09853743e+04 1.32780735e-03]
 [4.90000000e+01 9.80000000e+02 1.10414026e-02 2.24713845e-01
  3.63266891e-01 1.16900965e+04 1.41503908e-03]
 [5.00000000e+01 1.00000000e+03 1.10414026e-02 2.24713845e-01
  3.63266891e-01 1.16826288e+04 1.39865114e-03]]