[[1.00000000e+00 2.00000000e+01 1.20817406e-02 1.16874704e-01
  2.71634752e-01 1.50667964e+04 2.51835384e-03]
 [2.00000000e+00 4.00000000e+01 1.20817406e-02 1.16874704e-01
  2.71634752e-01 1.50667964e+04 2.51835384e-03]
 [3.00000000e+00 6.00000000e+01 1.20817406e-02 1.16874704e-01
  2.71634752e-01 1.21509596e+04 2.01497412e-03]
 [4.00000000e+00 8.00000000e+01 1.20817406e-02 1.16874704e-01
  2.71634752e-01 1.21509596e+04 2.01497412e-03]
 [5.00000000e+00 1.00000000e+02 1.20817406e-02 1.16874704e-01
  2.71634752e-01 1.00898133e+04 1.96941873e-03]
 [6.00000000e+00 1.20000000e+02 1.20578292e-02 1.16874704e-01
  2.71634752e-01 8.72790072e+03 1.97923091e-03]
 [7.00000000e+00 1.40000000e+02 1.20578292e-02 1.16874704e-01
  2.71634752e-01 8.82174940e+03 1.64857630e-03]
 [8.00000000e+00 1.60000000e+02 1.20578292e-02 1.16874704e-01
  2.71634752e-01 8.00306336e+03 1.45408747e-03]
 [9.00000000e+00 1.80000000e+02 1.19129574e-02 1.72650718e-01
  3.65965982e-01 5.38598527e+03 1.07031228e-03]
 [1.00000000e+01 2.00000000e+02 1.18963782e-02 3.30890560e-01
  3.45851051e-01 9.28560304e+03 1.08689151e-03]
 [1.10000000e+01 2.20000000e+02 1.18963782e-02 3.30890560e-01
  3.45851051e-01 6.08666880e+03 6.73267979e-04]
 [1.20000000e+01 2.40000000e+02 1.18959192e-02 3.30890560e-01
  3.45851051e-01 6.19572730e+03 6.73727029e-04]
 [1.30000000e+01 2.60000000e+02 1.17789253e-02 2.76204176e-01
  2.89744967e-01 6.61083078e+03 7.90720900e-04]
 [1.40000000e+01 2.80000000e+02 1.16810434e-02 4.47285659e-01
  6.97072224e-01 5.35077319e+03 8.88602753e-04]
 [1.50000000e+01 3.00000000e+02 1.16810434e-02 4.47285659e-01
  6.97072224e-01 5.35077319e+03 8.88602753e-04]
 [1.60000000e+01 3.20000000e+02 1.16266927e-02 1.16874704e-01
  4.40672527e-01 5.18299277e+03 9.42953480e-04]
 [1.70000000e+01 3.40000000e+02 1.15590761e-02 1.49546180e-01
  7.89222875e-01 6.77765523e+03 7.31048905e-04]
 [1.80000000e+01 3.60000000e+02 1.15257007e-02 2.30252416e-01
  9.83658352e-01 7.25521912e+03 7.61149666e-04]
 [1.90000000e+01 3.80000000e+02 1.15121944e-02 2.50039993e-01
  3.99928437e-01 1.30513955e+04 7.51921202e-04]
 [2.00000000e+01 4.00000000e+02 1.13559755e-02 2.50039993e-01
  3.56867606e-01 1.26761923e+04 9.08140095e-04]
 [2.10000000e+01 4.20000000e+02 1.12742822e-02 1.35853678e-01
  8.13682401e-01 1.35882314e+04 9.89833373e-04]
 [2.20000000e+01 4.40000000e+02 1.12742822e-02 1.35853678e-01
  8.13682401e-01 1.35882314e+04 9.89833373e-04]
 [2.30000000e+01 4.60000000e+02 1.12742822e-02 1.35853678e-01
  8.13682401e-01 1.35882314e+04 9.89833373e-04]
 [2.40000000e+01 4.80000000e+02 1.12172087e-02 1.49546180e-01
  3.47399692e-01 1.20940253e+04 1.04690688e-03]
 [2.50000000e+01 5.00000000e+02 1.11652630e-02 1.16874704e-01
  7.26739030e-01 1.06083647e+04 9.62626291e-04]
 [2.60000000e+01 5.20000000e+02 1.11652630e-02 1.16874704e-01
  7.26739030e-01 1.06083647e+04 9.62626291e-04]
 [2.70000000e+01 5.40000000e+02 1.11652630e-02 1.16874704e-01
  7.26739030e-01 8.62753430e+03 6.46532068e-04]
 [2.80000000e+01 5.60000000e+02 1.11652630e-02 1.16874704e-01
  7.26739030e-01 8.62753430e+03 6.46532068e-04]
 [2.90000000e+01 5.80000000e+02 1.10937401e-02 1.31160295e-01
  6.97072224e-01 8.58744800e+03 7.18054969e-04]
 [3.00000000e+01 6.00000000e+02 1.10750254e-02 3.47597824e-01
  8.24511737e-01 8.95847788e+03 7.36769691e-04]
 [3.10000000e+01 6.20000000e+02 1.10750254e-02 3.47597824e-01
  8.24511737e-01 1.01512731e+04 7.32453173e-04]
 [3.20000000e+01 6.40000000e+02 1.10609341e-02 2.24328011e-01
  3.47399692e-01 9.46996355e+03 7.46544538e-04]
 [3.30000000e+01 6.60000000e+02 1.10382525e-02 1.16874704e-01
  3.29645693e-01 8.91496345e+03 6.58359450e-04]
 [3.40000000e+01 6.80000000e+02 1.10234588e-02 1.31160295e-01
  2.38733416e-01 7.63955390e+03 6.68998313e-04]
 [3.50000000e+01 7.00000000e+02 1.10234588e-02 1.31160295e-01
  2.38733416e-01 7.63955390e+03 6.68998313e-04]
 [3.60000000e+01 7.20000000e+02 1.10210932e-02 1.31160295e-01
  2.38733416e-01 7.21142024e+03 6.71363906e-04]
 [3.70000000e+01 7.40000000e+02 1.09861036e-02 2.24328011e-01
  3.47399692e-01 1.05476436e+04 6.45994944e-04]
 [3.80000000e+01 7.60000000e+02 1.09861036e-02 2.24328011e-01
  3.47399692e-01 1.05476538e+04 6.43568143e-04]
 [3.90000000e+01 7.80000000e+02 1.09861036e-02 2.24328011e-01
  3.47399692e-01 1.05476538e+04 6.43568143e-04]
 [4.00000000e+01 8.00000000e+02 1.09861036e-02 2.24328011e-01
  3.47399692e-01 1.05476538e+04 6.43568143e-04]
 [4.10000000e+01 8.20000000e+02 1.09861036e-02 2.24328011e-01
  3.47399692e-01 1.05476538e+04 6.43568143e-04]
 [4.20000000e+01 8.40000000e+02 1.09732398e-02 1.16874704e-01
  3.29645693e-01 1.00334611e+04 5.67434783e-04]
 [4.30000000e+01 8.60000000e+02 1.09732398e-02 1.16874704e-01
  3.29645693e-01 1.01735547e+04 5.31191932e-04]
 [4.40000000e+01 8.80000000e+02 1.09660983e-02 2.76204176e-01
  2.89744967e-01 7.92138725e+03 5.38333517e-04]
 [4.50000000e+01 9.00000000e+02 1.09660983e-02 2.76204176e-01
  2.89744967e-01 7.92138725e+03 5.38333517e-04]
 [4.60000000e+01 9.20000000e+02 1.09573403e-02 1.12129201e-01
  7.82376785e-02 9.42860062e+03 5.47091481e-04]
 [4.70000000e+01 9.40000000e+02 1.09573403e-02 1.12129201e-01
  7.82376785e-02 9.42860054e+03 5.47091481e-04]
 [4.80000000e+01 9.60000000e+02 1.09573403e-02 1.12129201e-01
  7.82376785e-02 9.42805502e+03 4.84626802e-04]
 [4.90000000e+01 9.80000000e+02 1.09526966e-02 1.12129201e-01
  7.82376785e-02 9.29786298e+03 4.73694226e-04]
 [5.00000000e+01 1.00000000e+03 1.09526966e-02 1.12129201e-01
  7.82376785e-02 9.29393535e+03 4.73694226e-04]]