[[1.00000000e+00 2.00000000e+01 1.20860522e-02 4.47553277e-01
  7.89423696e-01 1.14186524e+04 9.87913948e-01]
 [2.00000000e+00 4.00000000e+01 1.20860522e-02 4.47553277e-01
  7.89423696e-01 1.42740781e+04 9.87913948e-01]
 [3.00000000e+00 6.00000000e+01 1.20860522e-02 4.47553277e-01
  7.89423696e-01 9.57991592e+03 3.39817558e-03]
 [4.00000000e+00 8.00000000e+01 1.20860522e-02 4.47553277e-01
  7.89423696e-01 5.08123384e+03 1.98521828e-03]
 [5.00000000e+00 1.00000000e+02 1.20860522e-02 4.47553277e-01
  7.89423696e-01 5.08123384e+03 1.98521828e-03]
 [6.00000000e+00 1.20000000e+02 1.20860522e-02 4.47553277e-01
  7.89423696e-01 7.75535866e+03 1.53910894e-03]
 [7.00000000e+00 1.40000000e+02 1.20860522e-02 4.47553277e-01
  7.89423696e-01 1.21584862e+04 1.40545798e-03]
 [8.00000000e+00 1.60000000e+02 1.20860522e-02 4.47553277e-01
  7.89423696e-01 1.21584862e+04 1.40545798e-03]
 [9.00000000e+00 1.80000000e+02 1.19412463e-02 9.23575271e-01
  4.33946217e-01 1.25194788e+04 1.55026389e-03]
 [1.00000000e+01 2.00000000e+02 1.19412463e-02 9.23575271e-01
  4.33946217e-01 5.83634790e+03 1.30539528e-03]
 [1.10000000e+01 2.20000000e+02 1.19412463e-02 9.23575271e-01
  4.33946217e-01 5.83634790e+03 1.30539528e-03]
 [1.20000000e+01 2.40000000e+02 1.19349464e-02 4.72685695e-01
  7.79410232e-01 6.81080338e+03 7.58709076e-04]
 [1.30000000e+01 2.60000000e+02 1.17143870e-02 4.45804306e-01
  5.85835529e-01 1.00757589e+04 9.79268472e-04]
 [1.40000000e+01 2.80000000e+02 1.17143870e-02 4.45804306e-01
  5.85835529e-01 1.00757589e+04 9.79268472e-04]
 [1.50000000e+01 3.00000000e+02 1.17143870e-02 4.45804306e-01
  5.85835529e-01 1.00757589e+04 9.79268472e-04]
 [1.60000000e+01 3.20000000e+02 1.17143870e-02 4.45804306e-01
  5.85835529e-01 1.00757589e+04 9.79268472e-04]
 [1.70000000e+01 3.40000000e+02 1.17143870e-02 4.45804306e-01
  5.85835529e-01 1.00757589e+04 9.79268472e-04]
 [1.80000000e+01 3.60000000e+02 1.17143870e-02 4.45804306e-01
  5.85835529e-01 1.00757589e+04 9.79268472e-04]
 [1.90000000e+01 3.80000000e+02 1.17143870e-02 4.45804306e-01
  5.85835529e-01 1.22733237e+04 7.98716808e-04]
 [2.00000000e+01 4.00000000e+02 1.15250752e-02 4.72685695e-01
  7.79410232e-01 9.96160343e+03 9.88028609e-04]
 [2.10000000e+01 4.20000000e+02 1.15250752e-02 4.72685695e-01
  7.79410232e-01 9.37006535e+03 8.74895762e-04]
 [2.20000000e+01 4.40000000e+02 1.15250752e-02 4.72685695e-01
  7.79410232e-01 9.37006535e+03 8.74895762e-04]
 [2.30000000e+01 4.60000000e+02 1.14907191e-02 2.03582112e-01
  3.13293661e-01 1.15347384e+04 9.09251935e-04]
 [2.40000000e+01 4.80000000e+02 1.14542111e-02 4.72685695e-01
  7.47317650e-02 1.06102553e+04 9.45759888e-04]
 [2.50000000e+01 5.00000000e+02 1.14542111e-02 4.72685695e-01
  7.47317650e-02 1.06102553e+04 9.45759888e-04]
 [2.60000000e+01 5.20000000e+02 1.14542111e-02 4.72685695e-01
  7.47317650e-02 1.06102553e+04 9.45759888e-04]
 [2.70000000e+01 5.40000000e+02 1.14327002e-02 4.47553277e-01
  7.89423696e-01 1.12463914e+04 9.67270772e-04]
 [2.80000000e+01 5.60000000e+02 1.14327002e-02 4.47553277e-01
  7.89423696e-01 1.12463914e+04 9.67270772e-04]
 [2.90000000e+01 5.80000000e+02 1.14281704e-02 4.72685695e-01
  7.47317650e-02 1.12930082e+04 9.71800572e-04]
 [3.00000000e+01 6.00000000e+02 1.13968818e-02 4.72685695e-01
  5.64012196e-01 1.18479003e+04 1.00308921e-03]
 [3.10000000e+01 6.20000000e+02 1.13748533e-02 2.03582112e-01
  3.13293661e-01 1.18459980e+04 1.02511768e-03]
 [3.20000000e+01 6.40000000e+02 1.13748533e-02 2.03582112e-01
  3.13293661e-01 1.18459980e+04 1.02511768e-03]
 [3.30000000e+01 6.60000000e+02 1.13748533e-02 2.03582112e-01
  3.13293661e-01 1.18459980e+04 1.02511768e-03]
 [3.40000000e+01 6.80000000e+02 1.13748533e-02 2.03582112e-01
  3.13293661e-01 1.18459980e+04 1.02511768e-03]
 [3.50000000e+01 7.00000000e+02 1.13748533e-02 2.03582112e-01
  3.13293661e-01 1.18459980e+04 1.02511768e-03]
 [3.60000000e+01 7.20000000e+02 1.13101621e-02 2.03582112e-01
  3.13293661e-01 1.28763898e+04 1.08980891e-03]
 [3.70000000e+01 7.40000000e+02 1.13101621e-02 2.03582112e-01
  3.13293661e-01 1.28763898e+04 1.08980891e-03]
 [3.80000000e+01 7.60000000e+02 1.13101621e-02 2.03582112e-01
  3.13293661e-01 1.28763898e+04 1.08980891e-03]
 [3.90000000e+01 7.80000000e+02 1.13101621e-02 2.03582112e-01
  3.13293661e-01 1.28763898e+04 1.08980891e-03]
 [4.00000000e+01 8.00000000e+02 1.13101621e-02 2.03582112e-01
  3.13293661e-01 1.28763898e+04 1.08980891e-03]
 [4.10000000e+01 8.20000000e+02 1.13101621e-02 2.03582112e-01
  3.13293661e-01 1.28763898e+04 1.08980891e-03]
 [4.20000000e+01 8.40000000e+02 1.13101621e-02 2.03582112e-01
  3.13293661e-01 1.28763898e+04 1.08980891e-03]
 [4.30000000e+01 8.60000000e+02 1.13101621e-02 2.03582112e-01
  3.13293661e-01 1.28763898e+04 1.08980891e-03]
 [4.40000000e+01 8.80000000e+02 1.13101621e-02 2.03582112e-01
  3.13293661e-01 1.28763898e+04 1.08980891e-03]
 [4.50000000e+01 9.00000000e+02 1.13101621e-02 2.03582112e-01
  3.13293661e-01 1.28763898e+04 1.08980891e-03]
 [4.60000000e+01 9.20000000e+02 1.12861003e-02 5.82264959e-01
  5.29158770e-01 1.12052594e+04 1.11387074e-03]
 [4.70000000e+01 9.40000000e+02 1.12861003e-02 5.82264959e-01
  5.29158770e-01 1.12052594e+04 1.11387074e-03]
 [4.80000000e+01 9.60000000e+02 1.12861003e-02 5.82264959e-01
  5.29158770e-01 1.12052594e+04 1.11387074e-03]
 [4.90000000e+01 9.80000000e+02 1.12861003e-02 5.82264959e-01
  5.29158770e-01 1.12052594e+04 1.11387074e-03]
 [5.00000000e+01 1.00000000e+03 1.12861003e-02 5.82264959e-01
  5.29158770e-01 1.12052594e+04 1.11387074e-03]]