[[1.00000000e+00 2.00000000e+01 1.22021416e-02 6.93982163e-01
  7.10998806e-01 8.60725408e+03 7.64066898e-03]
 [2.00000000e+00 4.00000000e+01 1.19805495e-02 6.72407377e-01
  2.43702388e-01 1.05747481e+04 4.64823458e-03]
 [3.00000000e+00 6.00000000e+01 1.19805495e-02 6.72407377e-01
  2.43702388e-01 1.09353924e+04 4.05621268e-03]
 [4.00000000e+00 8.00000000e+01 1.19805495e-02 6.72407377e-01
  2.43702388e-01 1.05518570e+04 3.92949134e-03]
 [5.00000000e+00 1.00000000e+02 1.19805495e-02 6.72407377e-01
  2.43702388e-01 1.05518570e+04 3.92949134e-03]
 [6.00000000e+00 1.20000000e+02 1.19465155e-02 1.35047699e-01
  6.19872693e-01 8.40067413e+03 3.96352532e-03]
 [7.00000000e+00 1.40000000e+02 1.19465155e-02 1.35047699e-01
  6.19872693e-01 8.40067413e+03 3.96352532e-03]
 [8.00000000e+00 1.60000000e+02 1.19465155e-02 1.35047699e-01
  6.19872693e-01 8.40067413e+03 3.96352532e-03]
 [9.00000000e+00 1.80000000e+02 1.19331729e-02 1.35047699e-01
  6.19872693e-01 1.27757126e+04 3.97686787e-03]
 [1.00000000e+01 2.00000000e+02 1.19318929e-02 1.08366743e-01
  3.88609054e-01 1.01626244e+04 3.84213284e-03]
 [1.10000000e+01 2.20000000e+02 1.19318929e-02 1.08366743e-01
  3.88609054e-01 8.83074030e+03 3.29079000e-03]
 [1.20000000e+01 2.40000000e+02 1.18802336e-02 1.95800898e-01
  4.84958116e-01 9.38203166e+03 3.34244928e-03]
 [1.30000000e+01 2.60000000e+02 1.18802336e-02 1.95800898e-01
  4.84958116e-01 7.32261883e+03 1.18172458e-03]
 [1.40000000e+01 2.80000000e+02 1.18039195e-02 1.35047699e-01
  6.19872693e-01 8.28580759e+03 8.49939850e-04]
 [1.50000000e+01 3.00000000e+02 1.18039195e-02 1.35047699e-01
  6.19872693e-01 8.28580759e+03 8.49939850e-04]
 [1.60000000e+01 3.20000000e+02 1.17294699e-02 1.35047699e-01
  6.19872693e-01 8.52138300e+03 9.24389469e-04]
 [1.70000000e+01 3.40000000e+02 1.16686863e-02 1.35047699e-01
  6.19872693e-01 7.68008501e+03 9.85173067e-04]
 [1.80000000e+01 3.60000000e+02 1.15944587e-02 3.32844435e-01
  7.73162085e-01 9.07585457e+03 7.16097363e-04]
 [1.90000000e+01 3.80000000e+02 1.15944587e-02 3.32844435e-01
  7.73162085e-01 9.07585457e+03 7.16097363e-04]
 [2.00000000e+01 4.00000000e+02 1.15944587e-02 3.32844435e-01
  7.73162085e-01 9.07585457e+03 7.16097363e-04]
 [2.10000000e+01 4.20000000e+02 1.15944587e-02 3.32844435e-01
  7.73162085e-01 5.74531625e+03 7.11930133e-04]
 [2.20000000e+01 4.40000000e+02 1.15944587e-02 3.32844435e-01
  7.73162085e-01 8.96690988e+03 5.41579316e-04]
 [2.30000000e+01 4.60000000e+02 1.15944587e-02 3.32844435e-01
  7.73162085e-01 8.96690988e+03 5.41579316e-04]
 [2.40000000e+01 4.80000000e+02 1.15442409e-02 7.52487823e-01
  3.73535876e-01 8.96856225e+03 5.21503331e-04]
 [2.50000000e+01 5.00000000e+02 1.15442409e-02 7.52487823e-01
  3.73535876e-01 8.96856225e+03 5.21503331e-04]
 [2.60000000e+01 5.20000000e+02 1.15442409e-02 7.52487823e-01
  3.73535876e-01 8.96856225e+03 5.21503331e-04]
 [2.70000000e+01 5.40000000e+02 1.14724505e-02 7.52487823e-01
  3.73535876e-01 1.15116829e+04 5.57346795e-04]
 [2.80000000e+01 5.60000000e+02 1.14724505e-02 7.52487823e-01
  3.73535876e-01 1.15116829e+04 5.57346795e-04]
 [2.90000000e+01 5.80000000e+02 1.14724505e-02 7.52487823e-01
  3.73535876e-01 1.15116829e+04 5.57346795e-04]
 [3.00000000e+01 6.00000000e+02 1.14724505e-02 7.52487823e-01
  3.73535876e-01 1.15116829e+04 5.57346795e-04]
 [3.10000000e+01 6.20000000e+02 1.14724505e-02 7.52487823e-01
  3.73535876e-01 1.15116829e+04 5.57346795e-04]
 [3.20000000e+01 6.40000000e+02 1.14724505e-02 7.52487823e-01
  3.73535876e-01 7.23293603e+03 4.71879472e-04]
 [3.30000000e+01 6.60000000e+02 1.14724505e-02 7.52487823e-01
  3.73535876e-01 7.23293603e+03 4.71879472e-04]
 [3.40000000e+01 6.80000000e+02 1.13511356e-02 7.52487823e-01
  3.73535876e-01 7.33963189e+03 5.93194366e-04]
 [3.50000000e+01 7.00000000e+02 1.13511356e-02 7.52487823e-01
  3.73535876e-01 7.33963189e+03 5.93194366e-04]
 [3.60000000e+01 7.20000000e+02 1.13511356e-02 7.52487823e-01
  3.73535876e-01 7.33963189e+03 5.93194366e-04]
 [3.70000000e+01 7.40000000e+02 1.13511356e-02 7.52487823e-01
  3.73535876e-01 7.33963189e+03 5.93194366e-04]
 [3.80000000e+01 7.60000000e+02 1.13511356e-02 7.52487823e-01
  3.73535876e-01 7.33963189e+03 5.93194366e-04]
 [3.90000000e+01 7.80000000e+02 1.13339442e-02 1.35047699e-01
  1.77808151e-01 5.89893807e+03 5.45750987e-04]
 [4.00000000e+01 8.00000000e+02 1.12972013e-02 1.35047699e-01
  1.77808151e-01 5.92351367e+03 5.82493883e-04]
 [4.10000000e+01 8.20000000e+02 1.12730107e-02 3.32844435e-01
  7.73162085e-01 6.96016696e+03 6.06684533e-04]
 [4.20000000e+01 8.40000000e+02 1.12387071e-02 1.35047699e-01
  1.77808151e-01 4.00584209e+03 6.40988087e-04]
 [4.30000000e+01 8.60000000e+02 1.12387071e-02 1.35047699e-01
  1.77808151e-01 4.00584209e+03 6.40988087e-04]
 [4.40000000e+01 8.80000000e+02 1.12387071e-02 1.35047699e-01
  1.77808151e-01 4.67952616e+03 5.22457920e-04]
 [4.50000000e+01 9.00000000e+02 1.12387071e-02 1.35047699e-01
  1.77808151e-01 4.67952616e+03 5.22457920e-04]
 [4.60000000e+01 9.20000000e+02 1.12387071e-02 1.35047699e-01
  1.77808151e-01 4.67952616e+03 5.22457920e-04]
 [4.70000000e+01 9.40000000e+02 1.11623851e-02 2.78408155e-01
  7.73162085e-01 6.25935096e+03 5.98779929e-04]
 [4.80000000e+01 9.60000000e+02 1.11623851e-02 2.78408155e-01
  7.73162085e-01 6.25935096e+03 5.98779929e-04]
 [4.90000000e+01 9.80000000e+02 1.11623851e-02 2.78408155e-01
  7.73162085e-01 6.25935096e+03 5.98779929e-04]
 [5.00000000e+01 1.00000000e+03 1.11623851e-02 2.78408155e-01
  7.73162085e-01 4.48570470e+03 4.58839901e-04]]