[[1.00000000e+00 2.00000000e+01 1.22860387e-02 6.67610312e-01
  1.96644685e-01 1.05602415e+04 7.47654910e-01]
 [2.00000000e+00 4.00000000e+01 1.22363480e-02 3.30890560e-01
  7.99355703e-01 7.91899834e+03 3.73492115e-03]
 [3.00000000e+00 6.00000000e+01 1.19878427e-02 9.29148536e-01
  8.08017871e-01 1.53766181e+04 3.37028006e-03]
 [4.00000000e+00 8.00000000e+01 1.19878427e-02 9.29148536e-01
  8.08017871e-01 1.55464270e+04 2.66493982e-03]
 [5.00000000e+00 1.00000000e+02 1.16510582e-02 7.74007081e-01
  1.10904544e-01 5.53846845e+03 1.91511988e-03]
 [6.00000000e+00 1.20000000e+02 1.16068796e-02 7.80559065e-01
  1.57957039e-01 1.12542786e+04 1.68504866e-03]
 [7.00000000e+00 1.40000000e+02 1.12598371e-02 6.43650921e-01
  1.81529382e-01 6.66713653e+03 2.03209111e-03]
 [8.00000000e+00 1.60000000e+02 1.12598371e-02 6.43650921e-01
  1.81529382e-01 6.66713653e+03 2.03209111e-03]
 [9.00000000e+00 1.80000000e+02 1.12598371e-02 6.43650921e-01
  1.81529382e-01 6.66713653e+03 2.03209111e-03]
 [1.00000000e+01 2.00000000e+02 1.12598371e-02 6.43650921e-01
  1.81529382e-01 7.98067162e+03 1.90711744e-03]
 [1.10000000e+01 2.20000000e+02 1.12358856e-02 6.43650921e-01
  1.81529382e-01 7.55571000e+03 1.93106895e-03]
 [1.20000000e+01 2.40000000e+02 1.12358856e-02 6.43650921e-01
  1.81529382e-01 8.19183392e+03 1.87951135e-03]
 [1.30000000e+01 2.60000000e+02 1.12358856e-02 6.43650921e-01
  1.81529382e-01 8.19183392e+03 1.87951135e-03]
 [1.40000000e+01 2.80000000e+02 1.11664417e-02 3.30890560e-01
  4.70574257e-01 6.66648567e+03 1.88226813e-03]
 [1.50000000e+01 3.00000000e+02 1.11664417e-02 3.30890560e-01
  4.70574257e-01 6.66648567e+03 1.88226813e-03]
 [1.60000000e+01 3.20000000e+02 1.11664417e-02 3.30890560e-01
  4.70574257e-01 1.47566724e+04 1.81395069e-03]
 [1.70000000e+01 3.40000000e+02 1.11109051e-02 6.43650921e-01
  1.81529382e-01 1.50555230e+04 1.86948726e-03]
 [1.80000000e+01 3.60000000e+02 1.11109051e-02 6.43650921e-01
  1.81529382e-01 1.47958896e+04 1.76126794e-03]
 [1.90000000e+01 3.80000000e+02 1.11109051e-02 6.43650921e-01
  1.81529382e-01 1.47958896e+04 1.76126794e-03]
 [2.00000000e+01 4.00000000e+02 1.11109051e-02 6.43650921e-01
  1.81529382e-01 9.31367416e+03 1.47350725e-03]
 [2.10000000e+01 4.20000000e+02 1.10874688e-02 3.30890560e-01
  4.70574257e-01 7.67729521e+03 1.49694357e-03]
 [2.20000000e+01 4.40000000e+02 1.10874688e-02 3.30890560e-01
  4.70574257e-01 7.67729521e+03 1.49694357e-03]
 [2.30000000e+01 4.60000000e+02 1.10874688e-02 3.30890560e-01
  4.70574257e-01 6.76663206e+03 1.47768479e-03]
 [2.40000000e+01 4.80000000e+02 1.10261580e-02 6.43650921e-01
  1.81529382e-01 7.87477440e+03 1.53899554e-03]
 [2.50000000e+01 5.00000000e+02 1.10261580e-02 6.43650921e-01
  1.81529382e-01 7.87477440e+03 1.53899554e-03]
 [2.60000000e+01 5.20000000e+02 1.10152358e-02 6.43650921e-01
  1.81529382e-01 6.47163290e+03 1.54991773e-03]
 [2.70000000e+01 5.40000000e+02 1.10152358e-02 6.43650921e-01
  1.81529382e-01 6.47163290e+03 1.54991773e-03]
 [2.80000000e+01 5.60000000e+02 1.10152358e-02 6.43650921e-01
  1.81529382e-01 6.47163290e+03 1.54991773e-03]
 [2.90000000e+01 5.80000000e+02 1.10152358e-02 6.43650921e-01
  1.81529382e-01 6.47163290e+03 1.54991773e-03]
 [3.00000000e+01 6.00000000e+02 1.10152358e-02 6.43650921e-01
  1.81529382e-01 6.47163290e+03 1.54991773e-03]
 [3.10000000e+01 6.20000000e+02 1.10152358e-02 6.43650921e-01
  1.81529382e-01 6.47163290e+03 1.54991773e-03]
 [3.20000000e+01 6.40000000e+02 1.10152358e-02 6.43650921e-01
  1.81529382e-01 1.35787094e+04 1.27080285e-03]
 [3.30000000e+01 6.60000000e+02 1.10152358e-02 6.43650921e-01
  1.81529382e-01 1.35787094e+04 1.27080285e-03]
 [3.40000000e+01 6.80000000e+02 1.10152358e-02 6.43650921e-01
  1.81529382e-01 1.35787094e+04 1.27080285e-03]
 [3.50000000e+01 7.00000000e+02 1.10152358e-02 6.43650921e-01
  1.81529382e-01 1.35787094e+04 1.27080285e-03]
 [3.60000000e+01 7.20000000e+02 1.10152358e-02 6.43650921e-01
  1.81529382e-01 1.35787094e+04 1.27080285e-03]
 [3.70000000e+01 7.40000000e+02 1.10152358e-02 6.43650921e-01
  1.81529382e-01 6.97302093e+03 9.55665550e-04]
 [3.80000000e+01 7.60000000e+02 1.10152358e-02 6.43650921e-01
  1.81529382e-01 8.10482388e+03 9.48269343e-04]
 [3.90000000e+01 7.80000000e+02 1.10152358e-02 6.43650921e-01
  1.81529382e-01 8.10482388e+03 9.48269343e-04]
 [4.00000000e+01 8.00000000e+02 1.10152358e-02 6.43650921e-01
  1.81529382e-01 8.10482388e+03 9.48269343e-04]
 [4.10000000e+01 8.20000000e+02 1.10152358e-02 6.43650921e-01
  1.81529382e-01 8.10482388e+03 9.48269343e-04]
 [4.20000000e+01 8.40000000e+02 1.10152358e-02 6.43650921e-01
  1.81529382e-01 8.10482388e+03 9.48269343e-04]
 [4.30000000e+01 8.60000000e+02 1.10152358e-02 6.43650921e-01
  1.81529382e-01 8.10482388e+03 9.48269343e-04]
 [4.40000000e+01 8.80000000e+02 1.10100392e-02 6.43650921e-01
  1.81529382e-01 5.49437409e+03 9.26974720e-04]
 [4.50000000e+01 9.00000000e+02 1.10100392e-02 6.43650921e-01
  1.81529382e-01 5.49437409e+03 9.26974720e-04]
 [4.60000000e+01 9.20000000e+02 1.10100392e-02 6.43650921e-01
  1.81529382e-01 5.49437409e+03 9.26974720e-04]
 [4.70000000e+01 9.40000000e+02 1.10100392e-02 6.43650921e-01
  1.81529382e-01 5.49437409e+03 9.26974720e-04]
 [4.80000000e+01 9.60000000e+02 1.10100392e-02 6.43650921e-01
  1.81529382e-01 5.49437409e+03 9.26974720e-04]
 [4.90000000e+01 9.80000000e+02 1.10100392e-02 6.43650921e-01
  1.81529382e-01 5.49437409e+03 9.26974720e-04]
 [5.00000000e+01 1.00000000e+03 1.10100392e-02 6.43650921e-01
  1.81529382e-01 5.49437409e+03 9.26974720e-04]]