[[1.00000000e+00 2.00000000e+01 8.43711199e-03 4.47553277e-01
  7.89423696e-01 1.24686779e+04 1.45026099e-01]
 [2.00000000e+00 4.00000000e+01 8.43711199e-03 4.47553277e-01
  7.89423696e-01 1.13604035e+04 1.06382684e-01]
 [3.00000000e+00 6.00000000e+01 6.86778504e-03 4.47553277e-01
  7.89423696e-01 8.09622484e+03 4.96268386e-02]
 [4.00000000e+00 8.00000000e+01 6.81107507e-03 1.08958815e-01
  6.51123026e-01 1.00440912e+04 1.41486438e-02]
 [5.00000000e+00 1.00000000e+02 6.81107507e-03 1.08958815e-01
  6.51123026e-01 1.00440912e+04 1.41486438e-02]
 [6.00000000e+00 1.20000000e+02 6.81107507e-03 1.08958815e-01
  6.51123026e-01 1.06073877e+04 1.39863229e-02]
 [7.00000000e+00 1.40000000e+02 6.79270686e-03 1.08958815e-01
  6.51123026e-01 1.06891415e+04 1.40046911e-02]
 [8.00000000e+00 1.60000000e+02 6.71079959e-03 1.30644303e-01
  8.33638588e-01 1.01387825e+04 7.11784665e-03]
 [9.00000000e+00 1.80000000e+02 6.71079959e-03 1.30644303e-01
  8.33638588e-01 1.01387825e+04 7.11784665e-03]
 [1.00000000e+01 2.00000000e+02 6.71079959e-03 1.30644303e-01
  8.33638588e-01 1.01387825e+04 7.11784665e-03]
 [1.10000000e+01 2.20000000e+02 6.71079959e-03 1.30644303e-01
  8.33638588e-01 7.45901247e+03 5.40289592e-03]
 [1.20000000e+01 2.40000000e+02 6.66293422e-03 1.30644303e-01
  8.33638588e-01 7.38263251e+03 5.45076128e-03]
 [1.30000000e+01 2.60000000e+02 6.66293422e-03 1.30644303e-01
  8.33638588e-01 7.38263251e+03 5.45076128e-03]
 [1.40000000e+01 2.80000000e+02 6.66293422e-03 1.30644303e-01
  8.33638588e-01 7.38263251e+03 5.45076128e-03]
 [1.50000000e+01 3.00000000e+02 6.66293422e-03 1.30644303e-01
  8.33638588e-01 7.38263251e+03 5.45076128e-03]
 [1.60000000e+01 3.20000000e+02 6.66293422e-03 1.30644303e-01
  8.33638588e-01 7.38263251e+03 5.45076128e-03]
 [1.70000000e+01 3.40000000e+02 6.66293422e-03 1.30644303e-01
  8.33638588e-01 7.38263251e+03 5.45076128e-03]
 [1.80000000e+01 3.60000000e+02 6.66293422e-03 1.30644303e-01
  8.33638588e-01 7.38263251e+03 5.45076128e-03]
 [1.90000000e+01 3.80000000e+02 6.66293422e-03 1.30644303e-01
  8.33638588e-01 7.38263251e+03 5.45076128e-03]
 [2.00000000e+01 4.00000000e+02 6.66293422e-03 1.30644303e-01
  8.33638588e-01 7.38263251e+03 5.45076128e-03]
 [2.10000000e+01 4.20000000e+02 6.66293422e-03 1.30644303e-01
  8.33638588e-01 7.38263251e+03 5.45076128e-03]
 [2.20000000e+01 4.40000000e+02 6.66293422e-03 1.30644303e-01
  8.33638588e-01 9.49316821e+03 3.00167146e-03]
 [2.30000000e+01 4.60000000e+02 6.66293422e-03 1.30644303e-01
  8.33638588e-01 9.49316821e+03 3.00167146e-03]
 [2.40000000e+01 4.80000000e+02 6.66293422e-03 1.30644303e-01
  8.33638588e-01 9.49316821e+03 3.00167146e-03]
 [2.50000000e+01 5.00000000e+02 6.66293422e-03 1.30644303e-01
  8.33638588e-01 9.49316821e+03 3.00167146e-03]
 [2.60000000e+01 5.20000000e+02 6.66293422e-03 1.30644303e-01
  8.33638588e-01 9.49316821e+03 3.00167146e-03]
 [2.70000000e+01 5.40000000e+02 6.66293422e-03 1.30644303e-01
  8.33638588e-01 9.49316821e+03 3.00167146e-03]
 [2.80000000e+01 5.60000000e+02 6.66293422e-03 1.30644303e-01
  8.33638588e-01 9.49316821e+03 3.00167146e-03]
 [2.90000000e+01 5.80000000e+02 6.66293422e-03 1.30644303e-01
  8.33638588e-01 9.49316821e+03 3.00167146e-03]
 [3.00000000e+01 6.00000000e+02 6.66293422e-03 1.30644303e-01
  8.33638588e-01 9.49316821e+03 3.00167146e-03]
 [3.10000000e+01 6.20000000e+02 6.66293422e-03 1.30644303e-01
  8.33638588e-01 9.49316821e+03 3.00167146e-03]
 [3.20000000e+01 6.40000000e+02 6.66293422e-03 1.30644303e-01
  8.33638588e-01 9.49316821e+03 3.00167146e-03]
 [3.30000000e+01 6.60000000e+02 6.66293422e-03 1.30644303e-01
  8.33638588e-01 9.49316821e+03 3.00167146e-03]
 [3.40000000e+01 6.80000000e+02 6.66293422e-03 1.30644303e-01
  8.33638588e-01 9.80824651e+03 1.55122772e-03]
 [3.50000000e+01 7.00000000e+02 6.66293422e-03 1.30644303e-01
  8.33638588e-01 9.80824651e+03 1.55122772e-03]
 [3.60000000e+01 7.20000000e+02 6.66293422e-03 1.30644303e-01
  8.33638588e-01 6.51738624e+03 1.14430354e-03]
 [3.70000000e+01 7.40000000e+02 6.66293422e-03 1.30644303e-01
  8.33638588e-01 6.51738624e+03 1.14430354e-03]
 [3.80000000e+01 7.60000000e+02 6.66293422e-03 1.30644303e-01
  8.33638588e-01 6.51738624e+03 1.14430354e-03]
 [3.90000000e+01 7.80000000e+02 6.66293422e-03 1.30644303e-01
  8.33638588e-01 6.51738624e+03 1.14430354e-03]
 [4.00000000e+01 8.00000000e+02 6.66293422e-03 1.30644303e-01
  8.33638588e-01 6.51738624e+03 1.14430354e-03]
 [4.10000000e+01 8.20000000e+02 6.66293422e-03 1.30644303e-01
  8.33638588e-01 6.51738624e+03 1.14430354e-03]
 [4.20000000e+01 8.40000000e+02 6.66293422e-03 1.30644303e-01
  8.33638588e-01 6.51738624e+03 1.14430354e-03]
 [4.30000000e+01 8.60000000e+02 6.66293422e-03 1.30644303e-01
  8.33638588e-01 6.51738624e+03 1.14430354e-03]
 [4.40000000e+01 8.80000000e+02 6.66293422e-03 1.30644303e-01
  8.33638588e-01 6.51738624e+03 1.14430354e-03]
 [4.50000000e+01 9.00000000e+02 6.66293422e-03 1.30644303e-01
  8.33638588e-01 6.51738624e+03 1.14430354e-03]
 [4.60000000e+01 9.20000000e+02 6.66293422e-03 1.30644303e-01
  8.33638588e-01 6.51738624e+03 1.14430354e-03]
 [4.70000000e+01 9.40000000e+02 6.66293422e-03 1.30644303e-01
  8.33638588e-01 6.51738624e+03 1.14430354e-03]
 [4.80000000e+01 9.60000000e+02 6.66293422e-03 1.30644303e-01
  8.33638588e-01 6.51738624e+03 1.14430354e-03]
 [4.90000000e+01 9.80000000e+02 6.66293422e-03 1.30644303e-01
  8.33638588e-01 6.51738624e+03 1.14430354e-03]
 [5.00000000e+01 1.00000000e+03 6.66293422e-03 1.30644303e-01
  8.33638588e-01 6.51738624e+03 1.14430354e-03]]