[[1.00000000e+00 2.00000000e+01 6.65644250e-03 9.30764911e-01
  5.26065578e-01 1.26467014e+04 3.23974732e-02]
 [2.00000000e+00 4.00000000e+01 6.65644250e-03 9.30764911e-01
  5.26065578e-01 8.31062287e+03 2.89608104e-02]
 [3.00000000e+00 6.00000000e+01 6.65644250e-03 9.30764911e-01
  5.26065578e-01 7.95923913e+03 2.74835802e-02]
 [4.00000000e+00 8.00000000e+01 6.65644250e-03 9.30764911e-01
  5.26065578e-01 7.95923913e+03 2.74835802e-02]
 [5.00000000e+00 1.00000000e+02 6.65644250e-03 9.30764911e-01
  5.26065578e-01 7.95923913e+03 2.74835802e-02]
 [6.00000000e+00 1.20000000e+02 6.65644250e-03 9.30764911e-01
  5.26065578e-01 7.95923913e+03 2.74835802e-02]
 [7.00000000e+00 1.40000000e+02 6.65644250e-03 9.30764911e-01
  5.26065578e-01 7.95923913e+03 2.74835802e-02]
 [8.00000000e+00 1.60000000e+02 6.65644250e-03 9.30764911e-01
  5.26065578e-01 7.96799678e+03 1.64109702e-02]
 [9.00000000e+00 1.80000000e+02 6.65644250e-03 9.30764911e-01
  5.26065578e-01 7.94404657e+03 1.63964019e-02]
 [1.00000000e+01 2.00000000e+02 6.65644250e-03 9.30764911e-01
  5.26065578e-01 1.14226685e+04 7.30198461e-03]
 [1.10000000e+01 2.20000000e+02 6.65644250e-03 9.30764911e-01
  5.26065578e-01 1.14226685e+04 7.30198461e-03]
 [1.20000000e+01 2.40000000e+02 6.65644250e-03 9.30764911e-01
  5.26065578e-01 1.14226685e+04 7.30198461e-03]
 [1.30000000e+01 2.60000000e+02 6.65644250e-03 9.30764911e-01
  5.26065578e-01 1.14226685e+04 7.30198461e-03]
 [1.40000000e+01 2.80000000e+02 6.65644250e-03 9.30764911e-01
  5.26065578e-01 1.50525266e+03 5.98279650e-03]
 [1.50000000e+01 3.00000000e+02 6.65644250e-03 9.30764911e-01
  5.26065578e-01 8.07926530e+03 5.11601892e-03]
 [1.60000000e+01 3.20000000e+02 6.65644250e-03 9.30764911e-01
  5.26065578e-01 8.07926530e+03 5.11601892e-03]
 [1.70000000e+01 3.40000000e+02 6.65644250e-03 9.30764911e-01
  5.26065578e-01 8.07926530e+03 5.11601892e-03]
 [1.80000000e+01 3.60000000e+02 6.65644250e-03 9.30764911e-01
  5.26065578e-01 8.07926530e+03 5.11601892e-03]
 [1.90000000e+01 3.80000000e+02 6.65644250e-03 9.30764911e-01
  5.26065578e-01 8.07926530e+03 5.11601892e-03]
 [2.00000000e+01 4.00000000e+02 6.65644250e-03 9.30764911e-01
  5.26065578e-01 8.07926530e+03 5.11601892e-03]
 [2.10000000e+01 4.20000000e+02 6.65644250e-03 9.30764911e-01
  5.26065578e-01 8.07926530e+03 5.11601892e-03]
 [2.20000000e+01 4.40000000e+02 6.65644250e-03 9.30764911e-01
  5.26065578e-01 9.52695034e+03 4.81208649e-03]
 [2.30000000e+01 4.60000000e+02 6.65644250e-03 9.30764911e-01
  5.26065578e-01 9.52695034e+03 4.81208649e-03]
 [2.40000000e+01 4.80000000e+02 6.65644250e-03 9.30764911e-01
  5.26065578e-01 9.52695034e+03 4.81208649e-03]
 [2.50000000e+01 5.00000000e+02 6.65644250e-03 9.30764911e-01
  5.26065578e-01 9.52695034e+03 4.81208649e-03]
 [2.60000000e+01 5.20000000e+02 6.59223552e-03 4.95384954e-01
  2.93540109e-01 1.28541306e+04 4.87629347e-03]
 [2.70000000e+01 5.40000000e+02 6.59223552e-03 4.95384954e-01
  2.93540109e-01 1.28541306e+04 4.87629347e-03]
 [2.80000000e+01 5.60000000e+02 6.59223552e-03 4.95384954e-01
  2.93540109e-01 1.28541306e+04 4.87629347e-03]
 [2.90000000e+01 5.80000000e+02 6.59223552e-03 4.95384954e-01
  2.93540109e-01 1.28541306e+04 4.87629347e-03]
 [3.00000000e+01 6.00000000e+02 6.56476375e-03 1.62195202e-01
  7.92038567e-01 1.26757203e+04 4.90376524e-03]
 [3.10000000e+01 6.20000000e+02 6.56476375e-03 1.62195202e-01
  7.92038567e-01 1.26757203e+04 4.90376524e-03]
 [3.20000000e+01 6.40000000e+02 6.56476375e-03 1.62195202e-01
  7.92038567e-01 9.57663724e+03 1.83070078e-03]
 [3.30000000e+01 6.60000000e+02 6.56476375e-03 1.62195202e-01
  7.92038567e-01 9.57663724e+03 1.83070078e-03]
 [3.40000000e+01 6.80000000e+02 6.56476375e-03 1.62195202e-01
  7.92038567e-01 9.57663724e+03 1.83070078e-03]
 [3.50000000e+01 7.00000000e+02 6.56476375e-03 1.62195202e-01
  7.92038567e-01 9.57663724e+03 1.83070078e-03]
 [3.60000000e+01 7.20000000e+02 6.56476375e-03 1.62195202e-01
  7.92038567e-01 9.53633218e+03 1.44753910e-03]
 [3.70000000e+01 7.40000000e+02 6.56476375e-03 1.62195202e-01
  7.92038567e-01 9.53633218e+03 1.44753910e-03]
 [3.80000000e+01 7.60000000e+02 6.56476375e-03 1.62195202e-01
  7.92038567e-01 9.53633218e+03 1.44753910e-03]
 [3.90000000e+01 7.80000000e+02 6.51542806e-03 5.99753669e-01
  3.24800021e-01 1.15106722e+04 1.49687479e-03]
 [4.00000000e+01 8.00000000e+02 6.51542806e-03 5.99753669e-01
  3.24800021e-01 1.15106722e+04 1.49687479e-03]
 [4.10000000e+01 8.20000000e+02 6.51542806e-03 5.99753669e-01
  3.24800021e-01 1.15106722e+04 1.49687479e-03]
 [4.20000000e+01 8.40000000e+02 6.51542806e-03 5.99753669e-01
  3.24800021e-01 1.15106722e+04 1.49687479e-03]
 [4.30000000e+01 8.60000000e+02 6.51542806e-03 5.99753669e-01
  3.24800021e-01 1.15106722e+04 1.49687479e-03]
 [4.40000000e+01 8.80000000e+02 6.51542806e-03 5.99753669e-01
  3.24800021e-01 1.15106722e+04 1.49687479e-03]
 [4.50000000e+01 9.00000000e+02 6.51542806e-03 5.99753669e-01
  3.24800021e-01 1.15106722e+04 1.49687479e-03]
 [4.60000000e+01 9.20000000e+02 6.51542806e-03 5.99753669e-01
  3.24800021e-01 1.15106722e+04 1.49687479e-03]
 [4.70000000e+01 9.40000000e+02 6.51542806e-03 5.99753669e-01
  3.24800021e-01 1.15106722e+04 1.49687479e-03]
 [4.80000000e+01 9.60000000e+02 6.51542806e-03 5.99753669e-01
  3.24800021e-01 1.15106722e+04 1.49687479e-03]
 [4.90000000e+01 9.80000000e+02 6.51542806e-03 5.99753669e-01
  3.24800021e-01 1.15106722e+04 1.49687479e-03]
 [5.00000000e+01 1.00000000e+03 6.51542806e-03 5.99753669e-01
  3.24800021e-01 1.15106722e+04 1.49687479e-03]]