[[1.00000000e+00 2.00000000e+01 6.86866881e-03 3.66201877e-01
  3.44378210e-01 1.06925803e+04 3.75428628e-02]
 [2.00000000e+00 4.00000000e+01 6.83242331e-03 3.66201877e-01
  3.44378210e-01 1.13927412e+04 3.52615473e-02]
 [3.00000000e+00 6.00000000e+01 6.83242331e-03 3.66201877e-01
  3.44378210e-01 1.13927412e+04 3.52615473e-02]
 [4.00000000e+00 8.00000000e+01 6.62546383e-03 3.66201877e-01
  3.44378210e-01 1.14976033e+04 3.31543048e-02]
 [5.00000000e+00 1.00000000e+02 6.62546383e-03 3.66201877e-01
  3.44378210e-01 1.08754240e+04 1.10253304e-02]
 [6.00000000e+00 1.20000000e+02 6.62546383e-03 3.66201877e-01
  3.44378210e-01 1.08754240e+04 1.10253304e-02]
 [7.00000000e+00 1.40000000e+02 6.62546383e-03 3.66201877e-01
  3.44378210e-01 6.45325066e+03 6.13066234e-03]
 [8.00000000e+00 1.60000000e+02 6.61555933e-03 3.66201877e-01
  3.44378210e-01 1.15578576e+04 3.23129126e-03]
 [9.00000000e+00 1.80000000e+02 6.51968321e-03 2.97427032e-01
  6.46414039e-01 9.74405807e+03 3.32716738e-03]
 [1.00000000e+01 2.00000000e+02 6.51968321e-03 2.97427032e-01
  6.46414039e-01 9.74405807e+03 3.32716738e-03]
 [1.10000000e+01 2.20000000e+02 6.51968321e-03 2.97427032e-01
  6.46414039e-01 9.74405807e+03 3.32716738e-03]
 [1.20000000e+01 2.40000000e+02 6.40197156e-03 1.94619812e-01
  5.83989751e-01 6.69024343e+03 3.44487903e-03]
 [1.30000000e+01 2.60000000e+02 6.40197156e-03 1.94619812e-01
  5.83989751e-01 6.69024343e+03 3.44487903e-03]
 [1.40000000e+01 2.80000000e+02 6.40197156e-03 1.94619812e-01
  5.83989751e-01 6.69024343e+03 3.44487903e-03]
 [1.50000000e+01 3.00000000e+02 6.32045238e-03 1.52456768e-01
  6.96413110e-01 7.77282969e+03 1.86226516e-03]
 [1.60000000e+01 3.20000000e+02 6.32045238e-03 1.52456768e-01
  6.96413110e-01 7.77282969e+03 1.86226516e-03]
 [1.70000000e+01 3.40000000e+02 6.32045238e-03 1.52456768e-01
  6.96413110e-01 7.77282969e+03 1.86226516e-03]
 [1.80000000e+01 3.60000000e+02 6.32045238e-03 1.52456768e-01
  6.96413110e-01 7.77282969e+03 1.86226516e-03]
 [1.90000000e+01 3.80000000e+02 6.32045238e-03 1.52456768e-01
  6.96413110e-01 7.77282969e+03 1.86226516e-03]
 [2.00000000e+01 4.00000000e+02 6.32045238e-03 1.52456768e-01
  6.96413110e-01 7.77282969e+03 1.86226516e-03]
 [2.10000000e+01 4.20000000e+02 6.32045238e-03 1.52456768e-01
  6.96413110e-01 7.77282969e+03 1.86226516e-03]
 [2.20000000e+01 4.40000000e+02 6.32045238e-03 1.52456768e-01
  6.96413110e-01 7.77282969e+03 1.86226516e-03]
 [2.30000000e+01 4.60000000e+02 6.32045238e-03 1.52456768e-01
  6.96413110e-01 7.77282969e+03 1.86226516e-03]
 [2.40000000e+01 4.80000000e+02 6.27414024e-03 2.27481648e-01
  5.55642416e-01 7.49096073e+03 1.90857730e-03]
 [2.50000000e+01 5.00000000e+02 6.27414024e-03 2.27481648e-01
  5.55642416e-01 7.49096073e+03 1.90857730e-03]
 [2.60000000e+01 5.20000000e+02 6.27414024e-03 2.27481648e-01
  5.55642416e-01 7.49096073e+03 1.90857730e-03]
 [2.70000000e+01 5.40000000e+02 6.27414024e-03 2.27481648e-01
  5.55642416e-01 7.49096073e+03 1.90857730e-03]
 [2.80000000e+01 5.60000000e+02 6.27414024e-03 2.27481648e-01
  5.55642416e-01 7.49096073e+03 1.90857730e-03]
 [2.90000000e+01 5.80000000e+02 6.27414024e-03 2.27481648e-01
  5.55642416e-01 7.49096073e+03 1.90857730e-03]
 [3.00000000e+01 6.00000000e+02 6.15294042e-03 1.29823166e-01
  4.43253859e-01 1.11264860e+04 2.02977712e-03]
 [3.10000000e+01 6.20000000e+02 6.15294042e-03 1.29823166e-01
  4.43253859e-01 1.11264860e+04 2.02977712e-03]
 [3.20000000e+01 6.40000000e+02 6.15294042e-03 1.29823166e-01
  4.43253859e-01 1.11264860e+04 2.02977712e-03]
 [3.30000000e+01 6.60000000e+02 6.15294042e-03 1.29823166e-01
  4.43253859e-01 1.11264860e+04 2.02977712e-03]
 [3.40000000e+01 6.80000000e+02 6.15294042e-03 1.29823166e-01
  4.43253859e-01 1.11264860e+04 2.02977712e-03]
 [3.50000000e+01 7.00000000e+02 6.15294042e-03 1.29823166e-01
  4.43253859e-01 1.11264860e+04 2.02977712e-03]
 [3.60000000e+01 7.20000000e+02 6.15294042e-03 1.29823166e-01
  4.43253859e-01 1.11264860e+04 2.02977712e-03]
 [3.70000000e+01 7.40000000e+02 6.15294042e-03 1.29823166e-01
  4.43253859e-01 1.11264860e+04 2.02977712e-03]
 [3.80000000e+01 7.60000000e+02 6.15294042e-03 1.29823166e-01
  4.43253859e-01 1.11264860e+04 2.02977712e-03]
 [3.90000000e+01 7.80000000e+02 6.15294042e-03 1.29823166e-01
  4.43253859e-01 1.11264860e+04 2.02977712e-03]
 [4.00000000e+01 8.00000000e+02 6.15294042e-03 1.29823166e-01
  4.43253859e-01 1.11264860e+04 2.02977712e-03]
 [4.10000000e+01 8.20000000e+02 6.15294042e-03 1.29823166e-01
  4.43253859e-01 1.11264860e+04 2.02977712e-03]
 [4.20000000e+01 8.40000000e+02 6.15294042e-03 1.29823166e-01
  4.43253859e-01 1.11264860e+04 2.02977712e-03]
 [4.30000000e+01 8.60000000e+02 6.15294042e-03 1.29823166e-01
  4.43253859e-01 1.11264860e+04 2.02977712e-03]
 [4.40000000e+01 8.80000000e+02 6.15294042e-03 1.29823166e-01
  4.43253859e-01 1.11264860e+04 2.02977712e-03]
 [4.50000000e+01 9.00000000e+02 6.15294042e-03 1.29823166e-01
  4.43253859e-01 1.11264860e+04 2.02977712e-03]
 [4.60000000e+01 9.20000000e+02 6.15294042e-03 1.29823166e-01
  4.43253859e-01 1.11264860e+04 2.02977712e-03]
 [4.70000000e+01 9.40000000e+02 6.15294042e-03 1.29823166e-01
  4.43253859e-01 1.11264860e+04 2.02977712e-03]
 [4.80000000e+01 9.60000000e+02 6.15294042e-03 1.29823166e-01
  4.43253859e-01 1.11264860e+04 2.02977712e-03]
 [4.90000000e+01 9.80000000e+02 6.15294042e-03 1.29823166e-01
  4.43253859e-01 1.11264860e+04 2.02977712e-03]
 [5.00000000e+01 1.00000000e+03 6.15294042e-03 1.29823166e-01
  4.43253859e-01 1.11264860e+04 2.02977712e-03]]