[[1.00000000e+00 2.00000000e+01 7.49938930e-03 8.11449498e-01
  9.16467897e-01 1.08328374e+04 5.17184272e-01]
 [2.00000000e+00 4.00000000e+01 6.94397149e-03 3.25632374e-01
  6.38448980e-01 6.21668728e+03 6.98774326e-02]
 [3.00000000e+00 6.00000000e+01 6.64221626e-03 4.98758800e-01
  7.79813372e-01 8.43628350e+03 7.01791879e-02]
 [4.00000000e+00 8.00000000e+01 6.64221626e-03 4.98758800e-01
  7.79813372e-01 1.29997219e+04 6.29218183e-02]
 [5.00000000e+00 1.00000000e+02 6.52950046e-03 3.61223269e-01
  7.79813372e-01 1.17684450e+04 6.30345341e-02]
 [6.00000000e+00 1.20000000e+02 6.52950046e-03 3.61223269e-01
  7.79813372e-01 1.05071101e+04 3.37031154e-02]
 [7.00000000e+00 1.40000000e+02 6.52950046e-03 3.61223269e-01
  7.79813372e-01 1.05071101e+04 3.37031154e-02]
 [8.00000000e+00 1.60000000e+02 6.52950046e-03 3.61223269e-01
  7.79813372e-01 3.76283682e+03 2.61653606e-02]
 [9.00000000e+00 1.80000000e+02 6.52950046e-03 3.61223269e-01
  7.79813372e-01 9.11538799e+03 2.56588974e-02]
 [1.00000000e+01 2.00000000e+02 6.52950046e-03 3.61223269e-01
  7.79813372e-01 4.68493472e+03 1.60395108e-02]
 [1.10000000e+01 2.20000000e+02 6.52950046e-03 3.61223269e-01
  7.79813372e-01 8.99269501e+03 1.25432835e-02]
 [1.20000000e+01 2.40000000e+02 6.52950046e-03 3.61223269e-01
  7.79813372e-01 8.99269501e+03 1.25432835e-02]
 [1.30000000e+01 2.60000000e+02 6.52950046e-03 3.61223269e-01
  7.79813372e-01 8.99269501e+03 1.25432835e-02]
 [1.40000000e+01 2.80000000e+02 6.52950046e-03 3.61223269e-01
  7.79813372e-01 8.99269501e+03 1.25432835e-02]
 [1.50000000e+01 3.00000000e+02 6.52950046e-03 3.61223269e-01
  7.79813372e-01 8.99269501e+03 1.25432835e-02]
 [1.60000000e+01 3.20000000e+02 6.52950046e-03 3.61223269e-01
  7.79813372e-01 8.99269501e+03 1.25432835e-02]
 [1.70000000e+01 3.40000000e+02 6.52950046e-03 3.61223269e-01
  7.79813372e-01 8.99269501e+03 1.25432835e-02]
 [1.80000000e+01 3.60000000e+02 6.52950046e-03 3.61223269e-01
  7.79813372e-01 8.99269501e+03 1.25432835e-02]
 [1.90000000e+01 3.80000000e+02 6.52950046e-03 3.61223269e-01
  7.79813372e-01 8.99269501e+03 1.25432835e-02]
 [2.00000000e+01 4.00000000e+02 6.51939299e-03 4.24300647e-01
  6.41589701e-01 5.86000389e+03 1.25533910e-02]
 [2.10000000e+01 4.20000000e+02 6.51939299e-03 4.24300647e-01
  6.41589701e-01 5.86000389e+03 1.25533910e-02]
 [2.20000000e+01 4.40000000e+02 6.47207212e-03 5.10037383e-01
  9.85126456e-01 9.88909961e+03 1.26007119e-02]
 [2.30000000e+01 4.60000000e+02 6.47207212e-03 5.10037383e-01
  9.85126456e-01 9.88909961e+03 1.26007119e-02]
 [2.40000000e+01 4.80000000e+02 6.47207212e-03 5.10037383e-01
  9.85126456e-01 9.88909961e+03 1.26007119e-02]
 [2.50000000e+01 5.00000000e+02 6.31010537e-03 8.11449498e-01
  5.10909315e-01 8.94884366e+03 1.27626786e-02]
 [2.60000000e+01 5.20000000e+02 6.31010537e-03 8.11449498e-01
  5.10909315e-01 8.94884366e+03 1.27626786e-02]
 [2.70000000e+01 5.40000000e+02 6.31010537e-03 8.11449498e-01
  5.10909315e-01 8.94884366e+03 1.27626786e-02]
 [2.80000000e+01 5.60000000e+02 6.31010537e-03 8.11449498e-01
  5.10909315e-01 8.94884366e+03 1.27626786e-02]
 [2.90000000e+01 5.80000000e+02 6.31010537e-03 8.11449498e-01
  5.10909315e-01 8.94884366e+03 1.27626786e-02]
 [3.00000000e+01 6.00000000e+02 6.31010537e-03 8.11449498e-01
  5.10909315e-01 8.94884366e+03 1.27626786e-02]
 [3.10000000e+01 6.20000000e+02 6.31010537e-03 8.11449498e-01
  5.10909315e-01 8.94884366e+03 1.27626786e-02]
 [3.20000000e+01 6.40000000e+02 6.31010537e-03 8.11449498e-01
  5.10909315e-01 8.94884366e+03 1.27626786e-02]
 [3.30000000e+01 6.60000000e+02 6.31010537e-03 8.11449498e-01
  5.10909315e-01 8.94884366e+03 1.27626786e-02]
 [3.40000000e+01 6.80000000e+02 6.31010537e-03 8.11449498e-01
  5.10909315e-01 8.94884366e+03 1.27626786e-02]
 [3.50000000e+01 7.00000000e+02 6.31010537e-03 8.11449498e-01
  5.10909315e-01 8.94884366e+03 1.27626786e-02]
 [3.60000000e+01 7.20000000e+02 6.31010537e-03 8.11449498e-01
  5.10909315e-01 8.94884366e+03 1.27626786e-02]
 [3.70000000e+01 7.40000000e+02 6.31010537e-03 8.11449498e-01
  5.10909315e-01 8.94884366e+03 1.27626786e-02]
 [3.80000000e+01 7.60000000e+02 6.31010537e-03 8.11449498e-01
  5.10909315e-01 8.94884366e+03 1.27626786e-02]
 [3.90000000e+01 7.80000000e+02 6.31010537e-03 8.11449498e-01
  5.10909315e-01 8.94884366e+03 1.27626786e-02]
 [4.00000000e+01 8.00000000e+02 6.31010537e-03 8.11449498e-01
  5.10909315e-01 8.94884366e+03 1.27626786e-02]
 [4.10000000e+01 8.20000000e+02 6.31010537e-03 8.11449498e-01
  5.10909315e-01 8.94884366e+03 1.27626786e-02]
 [4.20000000e+01 8.40000000e+02 6.31010537e-03 8.11449498e-01
  5.10909315e-01 8.94884366e+03 1.27626786e-02]
 [4.30000000e+01 8.60000000e+02 6.31010537e-03 8.11449498e-01
  5.10909315e-01 8.94884366e+03 1.27626786e-02]
 [4.40000000e+01 8.80000000e+02 6.31010537e-03 8.11449498e-01
  5.10909315e-01 8.94884366e+03 1.27626786e-02]
 [4.50000000e+01 9.00000000e+02 6.31010537e-03 8.11449498e-01
  5.10909315e-01 8.94884366e+03 1.27626786e-02]
 [4.60000000e+01 9.20000000e+02 6.31010537e-03 8.11449498e-01
  5.10909315e-01 8.94884366e+03 1.27626786e-02]
 [4.70000000e+01 9.40000000e+02 6.31010537e-03 8.11449498e-01
  5.10909315e-01 8.94884366e+03 1.27626786e-02]
 [4.80000000e+01 9.60000000e+02 6.31010537e-03 8.11449498e-01
  5.10909315e-01 8.94884366e+03 1.27626786e-02]
 [4.90000000e+01 9.80000000e+02 6.31010537e-03 8.11449498e-01
  5.10909315e-01 8.94884366e+03 1.27626786e-02]
 [5.00000000e+01 1.00000000e+03 6.31010537e-03 8.11449498e-01
  5.10909315e-01 8.94884366e+03 1.27626786e-02]]