[[1.00000000e+00 2.00000000e+01 7.90327711e-03 1.10674322e-01
  9.22786422e-01 1.21844041e+04 1.71886607e-01]
 [2.00000000e+00 4.00000000e+01 7.90327711e-03 1.10674322e-01
  9.22786422e-01 1.22121911e+04 6.39906058e-02]
 [3.00000000e+00 6.00000000e+01 6.60013011e-03 5.22435380e-01
  4.20932262e-01 7.25753323e+03 2.84781529e-02]
 [4.00000000e+00 8.00000000e+01 6.50897434e-03 1.10674322e-01
  9.22786422e-01 8.57871139e+03 2.85693086e-02]
 [5.00000000e+00 1.00000000e+02 6.29399200e-03 5.22435380e-01
  4.20932262e-01 1.17015167e+04 1.84491936e-02]
 [6.00000000e+00 1.20000000e+02 6.29399200e-03 5.22435380e-01
  4.20932262e-01 1.17015167e+04 1.84491936e-02]
 [7.00000000e+00 1.40000000e+02 6.24584257e-03 4.40806713e-01
  5.13658198e-01 1.21179315e+04 1.14347448e-02]
 [8.00000000e+00 1.60000000e+02 6.24584257e-03 4.40806713e-01
  5.13658198e-01 1.21179315e+04 1.14347448e-02]
 [9.00000000e+00 1.80000000e+02 6.24584257e-03 4.40806713e-01
  5.13658198e-01 1.21179315e+04 1.14347448e-02]
 [1.00000000e+01 2.00000000e+02 6.24584257e-03 4.40806713e-01
  5.13658198e-01 1.21179315e+04 1.14347448e-02]
 [1.10000000e+01 2.20000000e+02 6.24584257e-03 4.40806713e-01
  5.13658198e-01 1.21179315e+04 1.14347448e-02]
 [1.20000000e+01 2.40000000e+02 6.24584257e-03 4.40806713e-01
  5.13658198e-01 1.21179315e+04 1.14347448e-02]
 [1.30000000e+01 2.60000000e+02 6.24584257e-03 4.40806713e-01
  5.13658198e-01 1.08435782e+04 2.60301272e-03]
 [1.40000000e+01 2.80000000e+02 6.24584257e-03 4.40806713e-01
  5.13658198e-01 1.08435782e+04 2.60301272e-03]
 [1.50000000e+01 3.00000000e+02 6.24584257e-03 4.40806713e-01
  5.13658198e-01 6.90831213e+03 2.56787828e-03]
 [1.60000000e+01 3.20000000e+02 6.24584257e-03 4.40806713e-01
  5.13658198e-01 6.90831213e+03 2.56787828e-03]
 [1.70000000e+01 3.40000000e+02 6.24584257e-03 4.40806713e-01
  5.13658198e-01 6.90831213e+03 2.56787828e-03]
 [1.80000000e+01 3.60000000e+02 6.24584257e-03 4.40806713e-01
  5.13658198e-01 6.90831213e+03 2.56787828e-03]
 [1.90000000e+01 3.80000000e+02 6.24584257e-03 4.40806713e-01
  5.13658198e-01 6.90831213e+03 2.56787828e-03]
 [2.00000000e+01 4.00000000e+02 6.24584257e-03 4.40806713e-01
  5.13658198e-01 6.90831213e+03 2.56787828e-03]
 [2.10000000e+01 4.20000000e+02 6.24584257e-03 4.40806713e-01
  5.13658198e-01 6.90831213e+03 2.56787828e-03]
 [2.20000000e+01 4.40000000e+02 6.24584257e-03 4.40806713e-01
  5.13658198e-01 6.90831213e+03 2.56787828e-03]
 [2.30000000e+01 4.60000000e+02 6.24584257e-03 4.40806713e-01
  5.13658198e-01 9.44883285e+03 2.40416015e-03]
 [2.40000000e+01 4.80000000e+02 6.24584257e-03 4.40806713e-01
  5.13658198e-01 9.44883285e+03 2.40416015e-03]
 [2.50000000e+01 5.00000000e+02 6.24584257e-03 4.40806713e-01
  5.13658198e-01 9.44883285e+03 2.40416015e-03]
 [2.60000000e+01 5.20000000e+02 6.24584257e-03 4.40806713e-01
  5.13658198e-01 9.44883285e+03 2.40416015e-03]
 [2.70000000e+01 5.40000000e+02 6.24584257e-03 4.40806713e-01
  5.13658198e-01 9.44883285e+03 2.40416015e-03]
 [2.80000000e+01 5.60000000e+02 6.24584257e-03 4.40806713e-01
  5.13658198e-01 9.44883285e+03 2.40416015e-03]
 [2.90000000e+01 5.80000000e+02 6.24584257e-03 4.40806713e-01
  5.13658198e-01 9.44883285e+03 2.40416015e-03]
 [3.00000000e+01 6.00000000e+02 6.24584257e-03 4.40806713e-01
  5.13658198e-01 9.44883285e+03 2.40416015e-03]
 [3.10000000e+01 6.20000000e+02 6.24584257e-03 4.40806713e-01
  5.13658198e-01 9.44883285e+03 2.40416015e-03]
 [3.20000000e+01 6.40000000e+02 6.24584257e-03 4.40806713e-01
  5.13658198e-01 9.44883285e+03 2.40416015e-03]
 [3.30000000e+01 6.60000000e+02 6.24584257e-03 4.40806713e-01
  5.13658198e-01 9.44883285e+03 2.40416015e-03]
 [3.40000000e+01 6.80000000e+02 6.24584257e-03 4.40806713e-01
  5.13658198e-01 9.44883285e+03 2.40416015e-03]
 [3.50000000e+01 7.00000000e+02 6.24584257e-03 4.40806713e-01
  5.13658198e-01 9.44883285e+03 2.40416015e-03]
 [3.60000000e+01 7.20000000e+02 6.24584257e-03 4.40806713e-01
  5.13658198e-01 9.44883285e+03 2.40416015e-03]
 [3.70000000e+01 7.40000000e+02 6.24584257e-03 4.40806713e-01
  5.13658198e-01 9.44883285e+03 2.40416015e-03]
 [3.80000000e+01 7.60000000e+02 6.24584257e-03 4.40806713e-01
  5.13658198e-01 9.44883285e+03 2.40416015e-03]
 [3.90000000e+01 7.80000000e+02 6.24584257e-03 4.40806713e-01
  5.13658198e-01 9.44883285e+03 2.40416015e-03]
 [4.00000000e+01 8.00000000e+02 6.24584257e-03 4.40806713e-01
  5.13658198e-01 9.44883285e+03 2.40416015e-03]
 [4.10000000e+01 8.20000000e+02 6.24584257e-03 4.40806713e-01
  5.13658198e-01 9.44883285e+03 2.40416015e-03]
 [4.20000000e+01 8.40000000e+02 6.24584257e-03 4.40806713e-01
  5.13658198e-01 9.44883285e+03 2.40416015e-03]
 [4.30000000e+01 8.60000000e+02 6.24584257e-03 4.40806713e-01
  5.13658198e-01 9.44883285e+03 2.40416015e-03]
 [4.40000000e+01 8.80000000e+02 6.24584257e-03 4.40806713e-01
  5.13658198e-01 9.44883285e+03 2.40416015e-03]
 [4.50000000e+01 9.00000000e+02 6.24584257e-03 4.40806713e-01
  5.13658198e-01 9.44883285e+03 2.40416015e-03]
 [4.60000000e+01 9.20000000e+02 6.24584257e-03 4.40806713e-01
  5.13658198e-01 9.44883285e+03 2.40416015e-03]
 [4.70000000e+01 9.40000000e+02 6.24584257e-03 4.40806713e-01
  5.13658198e-01 9.44883285e+03 2.40416015e-03]
 [4.80000000e+01 9.60000000e+02 6.24584257e-03 4.40806713e-01
  5.13658198e-01 1.04398401e+04 1.49045265e-03]
 [4.90000000e+01 9.80000000e+02 6.24584257e-03 4.40806713e-01
  5.13658198e-01 1.00327340e+04 1.41738909e-03]
 [5.00000000e+01 1.00000000e+03 6.24584257e-03 4.40806713e-01
  5.13658198e-01 1.00327340e+04 1.41738909e-03]]