[[1.00000000e+00 2.00000000e+01 7.34601321e-03 5.30887656e-01
  1.14698579e-01 1.04891365e+04 6.46478379e-02]
 [2.00000000e+00 4.00000000e+01 6.83781788e-03 2.59036225e-01
  3.45851051e-01 1.49367204e+04 4.55124969e-02]
 [3.00000000e+00 6.00000000e+01 6.83781788e-03 2.59036225e-01
  3.45851051e-01 1.49367204e+04 4.55124969e-02]
 [4.00000000e+00 8.00000000e+01 6.83781788e-03 2.59036225e-01
  3.45851051e-01 1.49755844e+04 2.33754454e-02]
 [5.00000000e+00 1.00000000e+02 6.83781788e-03 2.59036225e-01
  3.45851051e-01 1.49755844e+04 2.33754454e-02]
 [6.00000000e+00 1.20000000e+02 6.83781788e-03 2.59036225e-01
  3.45851051e-01 1.49755844e+04 2.33754454e-02]
 [7.00000000e+00 1.40000000e+02 6.83781788e-03 2.59036225e-01
  3.45851051e-01 9.17599421e+03 2.06586211e-02]
 [8.00000000e+00 1.60000000e+02 6.83781788e-03 2.59036225e-01
  3.45851051e-01 1.12463667e+04 1.81400134e-02]
 [9.00000000e+00 1.80000000e+02 6.66794609e-03 8.82460106e-01
  4.81975270e-01 8.63142662e+03 1.43173349e-02]
 [1.00000000e+01 2.00000000e+02 6.66794609e-03 8.82460106e-01
  4.81975270e-01 1.25272007e+04 7.48425065e-03]
 [1.10000000e+01 2.20000000e+02 6.66794609e-03 8.82460106e-01
  4.81975270e-01 9.97639757e+03 6.84684403e-03]
 [1.20000000e+01 2.40000000e+02 6.66794609e-03 8.82460106e-01
  4.81975270e-01 9.97639757e+03 6.84684403e-03]
 [1.30000000e+01 2.60000000e+02 6.66794609e-03 8.82460106e-01
  4.81975270e-01 1.06594552e+04 6.73584975e-03]
 [1.40000000e+01 2.80000000e+02 6.66794609e-03 8.82460106e-01
  4.81975270e-01 1.08870731e+04 6.01745557e-03]
 [1.50000000e+01 3.00000000e+02 6.66794609e-03 8.82460106e-01
  4.81975270e-01 1.08870731e+04 6.01745557e-03]
 [1.60000000e+01 3.20000000e+02 6.66794609e-03 8.82460106e-01
  4.81975270e-01 1.08870731e+04 6.01745557e-03]
 [1.70000000e+01 3.40000000e+02 6.66794609e-03 8.82460106e-01
  4.81975270e-01 1.08870731e+04 6.01745557e-03]
 [1.80000000e+01 3.60000000e+02 6.66794609e-03 8.82460106e-01
  4.81975270e-01 1.08870731e+04 6.01745557e-03]
 [1.90000000e+01 3.80000000e+02 6.56762468e-03 8.82460106e-01
  2.81843325e-02 1.13050007e+04 6.11777698e-03]
 [2.00000000e+01 4.00000000e+02 6.56762468e-03 8.82460106e-01
  2.81843325e-02 9.27312170e+03 5.54386702e-03]
 [2.10000000e+01 4.20000000e+02 6.56762468e-03 8.82460106e-01
  2.81843325e-02 9.27312170e+03 5.54386702e-03]
 [2.20000000e+01 4.40000000e+02 6.56762468e-03 8.82460106e-01
  2.81843325e-02 9.27312170e+03 5.54386702e-03]
 [2.30000000e+01 4.60000000e+02 6.56762468e-03 8.82460106e-01
  2.81843325e-02 9.27312170e+03 5.54386702e-03]
 [2.40000000e+01 4.80000000e+02 6.56762468e-03 8.82460106e-01
  2.81843325e-02 9.27312170e+03 5.54386702e-03]
 [2.50000000e+01 5.00000000e+02 6.56762468e-03 8.82460106e-01
  2.81843325e-02 9.27312170e+03 5.54386702e-03]
 [2.60000000e+01 5.20000000e+02 6.56762468e-03 8.82460106e-01
  2.81843325e-02 8.90462836e+03 5.05460411e-03]
 [2.70000000e+01 5.40000000e+02 6.56762468e-03 8.82460106e-01
  2.81843325e-02 8.90462836e+03 5.05460411e-03]
 [2.80000000e+01 5.60000000e+02 6.56762468e-03 8.82460106e-01
  2.81843325e-02 8.90462836e+03 5.05460411e-03]
 [2.90000000e+01 5.80000000e+02 6.56762468e-03 8.82460106e-01
  2.81843325e-02 8.90462836e+03 5.05460411e-03]
 [3.00000000e+01 6.00000000e+02 6.56762468e-03 8.82460106e-01
  2.81843325e-02 8.90462836e+03 5.05460411e-03]
 [3.10000000e+01 6.20000000e+02 6.56762468e-03 8.82460106e-01
  2.81843325e-02 8.90462836e+03 5.05460411e-03]
 [3.20000000e+01 6.40000000e+02 6.56762468e-03 8.82460106e-01
  2.81843325e-02 8.90462836e+03 5.05460411e-03]
 [3.30000000e+01 6.60000000e+02 6.56762468e-03 8.82460106e-01
  2.81843325e-02 8.90462836e+03 5.05460411e-03]
 [3.40000000e+01 6.80000000e+02 6.56762468e-03 8.82460106e-01
  2.81843325e-02 8.90462836e+03 5.05460411e-03]
 [3.50000000e+01 7.00000000e+02 6.56762468e-03 8.82460106e-01
  2.81843325e-02 8.90462836e+03 5.05460411e-03]
 [3.60000000e+01 7.20000000e+02 6.56762468e-03 8.82460106e-01
  2.81843325e-02 8.90462836e+03 5.05460411e-03]
 [3.70000000e+01 7.40000000e+02 6.56762468e-03 8.82460106e-01
  2.81843325e-02 8.04865880e+03 2.63348815e-03]
 [3.80000000e+01 7.60000000e+02 6.56762468e-03 8.82460106e-01
  2.81843325e-02 8.83898979e+03 1.84511977e-03]
 [3.90000000e+01 7.80000000e+02 6.56762468e-03 8.82460106e-01
  2.81843325e-02 8.83898979e+03 1.84511977e-03]
 [4.00000000e+01 8.00000000e+02 6.56762468e-03 8.82460106e-01
  2.81843325e-02 8.83898979e+03 1.84511977e-03]
 [4.10000000e+01 8.20000000e+02 6.56762468e-03 8.82460106e-01
  2.81843325e-02 8.97484447e+03 1.42914526e-03]
 [4.20000000e+01 8.40000000e+02 6.56762468e-03 8.82460106e-01
  2.81843325e-02 8.97484447e+03 1.42914526e-03]
 [4.30000000e+01 8.60000000e+02 6.56762468e-03 8.82460106e-01
  2.81843325e-02 8.97484447e+03 1.42914526e-03]
 [4.40000000e+01 8.80000000e+02 6.56762468e-03 8.82460106e-01
  2.81843325e-02 8.97484447e+03 1.42914526e-03]
 [4.50000000e+01 9.00000000e+02 6.56762468e-03 8.82460106e-01
  2.81843325e-02 8.97484447e+03 1.42914526e-03]
 [4.60000000e+01 9.20000000e+02 6.56762468e-03 8.82460106e-01
  2.81843325e-02 8.97484447e+03 1.42914526e-03]
 [4.70000000e+01 9.40000000e+02 6.56762468e-03 8.82460106e-01
  2.81843325e-02 8.97484447e+03 1.42914526e-03]
 [4.80000000e+01 9.60000000e+02 6.56762468e-03 8.82460106e-01
  2.81843325e-02 1.05893180e+04 1.19943175e-03]
 [4.90000000e+01 9.80000000e+02 6.56762468e-03 8.82460106e-01
  2.81843325e-02 1.05893180e+04 1.19943175e-03]
 [5.00000000e+01 1.00000000e+03 6.56762468e-03 8.82460106e-01
  2.81843325e-02 1.05893180e+04 1.19943175e-03]]