[[1.00000000e+00 2.00000000e+01 6.92351019e-03 6.21175049e-01
  2.11415967e-01 8.04890032e+03 5.13914318e-01]
 [2.00000000e+00 4.00000000e+01 6.53805345e-03 1.18150201e-01
  7.92038567e-01 1.05249936e+04 4.94945466e-02]
 [3.00000000e+00 6.00000000e+01 6.53805345e-03 1.18150201e-01
  7.92038567e-01 1.05249936e+04 4.94945466e-02]
 [4.00000000e+00 8.00000000e+01 6.53805345e-03 1.18150201e-01
  7.92038567e-01 1.01834827e+04 3.77285797e-02]
 [5.00000000e+00 1.00000000e+02 6.51498845e-03 2.89088652e-01
  9.74284033e-01 1.21552050e+04 3.77516447e-02]
 [6.00000000e+00 1.20000000e+02 6.51498845e-03 2.89088652e-01
  9.74284033e-01 1.21552050e+04 3.77516447e-02]
 [7.00000000e+00 1.40000000e+02 6.46930900e-03 2.89088652e-01
  8.37407039e-01 9.72130984e+03 3.77973242e-02]
 [8.00000000e+00 1.60000000e+02 6.46930900e-03 2.89088652e-01
  8.37407039e-01 9.72130984e+03 3.77973242e-02]
 [9.00000000e+00 1.80000000e+02 6.46930900e-03 2.89088652e-01
  8.37407039e-01 9.72130984e+03 3.77973242e-02]
 [1.00000000e+01 2.00000000e+02 6.46930900e-03 2.89088652e-01
  8.37407039e-01 9.72130984e+03 3.77973242e-02]
 [1.10000000e+01 2.20000000e+02 6.46930900e-03 2.89088652e-01
  8.37407039e-01 9.72130984e+03 3.77973242e-02]
 [1.20000000e+01 2.40000000e+02 6.46930900e-03 2.89088652e-01
  8.37407039e-01 9.52969992e+03 3.54889978e-02]
 [1.30000000e+01 2.60000000e+02 6.40306043e-03 2.52064047e-01
  8.37407039e-01 1.21368013e+04 3.32479860e-02]
 [1.40000000e+01 2.80000000e+02 6.27631028e-03 5.34474584e-01
  9.06170944e-01 1.24666767e+04 3.33747361e-02]
 [1.50000000e+01 3.00000000e+02 6.27631028e-03 5.34474584e-01
  9.06170944e-01 1.24666767e+04 3.33747361e-02]
 [1.60000000e+01 3.20000000e+02 6.27631028e-03 5.34474584e-01
  9.06170944e-01 1.24666767e+04 3.33747361e-02]
 [1.70000000e+01 3.40000000e+02 6.27631028e-03 5.34474584e-01
  9.06170944e-01 1.24666767e+04 3.33747361e-02]
 [1.80000000e+01 3.60000000e+02 6.27631028e-03 5.34474584e-01
  9.06170944e-01 1.24666767e+04 3.33747361e-02]
 [1.90000000e+01 3.80000000e+02 6.27631028e-03 5.34474584e-01
  9.06170944e-01 1.23935887e+04 3.32986202e-02]
 [2.00000000e+01 4.00000000e+02 6.27631028e-03 5.34474584e-01
  9.06170944e-01 1.23934428e+04 2.65531268e-02]
 [2.10000000e+01 4.20000000e+02 6.27631028e-03 5.34474584e-01
  9.06170944e-01 1.23934428e+04 2.65531268e-02]
 [2.20000000e+01 4.40000000e+02 6.27631028e-03 5.34474584e-01
  9.06170944e-01 1.23934428e+04 2.65531268e-02]
 [2.30000000e+01 4.60000000e+02 6.27631028e-03 5.34474584e-01
  9.06170944e-01 1.23934428e+04 2.65531268e-02]
 [2.40000000e+01 4.80000000e+02 6.27631028e-03 5.34474584e-01
  9.06170944e-01 1.23934428e+04 2.65531268e-02]
 [2.50000000e+01 5.00000000e+02 6.27631028e-03 5.34474584e-01
  9.06170944e-01 1.23934428e+04 2.65531268e-02]
 [2.60000000e+01 5.20000000e+02 6.27631028e-03 5.34474584e-01
  9.06170944e-01 1.23934428e+04 2.65531268e-02]
 [2.70000000e+01 5.40000000e+02 6.27631028e-03 5.34474584e-01
  9.06170944e-01 1.23934428e+04 2.65531268e-02]
 [2.80000000e+01 5.60000000e+02 6.27631028e-03 5.34474584e-01
  9.06170944e-01 1.23934428e+04 2.65531268e-02]
 [2.90000000e+01 5.80000000e+02 6.27631028e-03 5.34474584e-01
  9.06170944e-01 1.23934428e+04 2.65531268e-02]
 [3.00000000e+01 6.00000000e+02 6.27631028e-03 5.34474584e-01
  9.06170944e-01 1.23934428e+04 2.65531268e-02]
 [3.10000000e+01 6.20000000e+02 6.27631028e-03 5.34474584e-01
  9.06170944e-01 9.77521124e+03 1.52971547e-02]
 [3.20000000e+01 6.40000000e+02 6.27631028e-03 5.34474584e-01
  9.06170944e-01 9.77521124e+03 1.52971547e-02]
 [3.30000000e+01 6.60000000e+02 6.27631028e-03 5.34474584e-01
  9.06170944e-01 9.77521124e+03 1.52971547e-02]
 [3.40000000e+01 6.80000000e+02 6.27631028e-03 5.34474584e-01
  9.06170944e-01 9.77521124e+03 1.52971547e-02]
 [3.50000000e+01 7.00000000e+02 6.27631028e-03 5.34474584e-01
  9.06170944e-01 9.77521124e+03 1.52971547e-02]
 [3.60000000e+01 7.20000000e+02 6.27631028e-03 5.34474584e-01
  9.06170944e-01 9.77521124e+03 1.52971547e-02]
 [3.70000000e+01 7.40000000e+02 6.27631028e-03 5.34474584e-01
  9.06170944e-01 9.77521124e+03 1.52971547e-02]
 [3.80000000e+01 7.60000000e+02 6.27631028e-03 5.34474584e-01
  9.06170944e-01 9.77521124e+03 1.52971547e-02]
 [3.90000000e+01 7.80000000e+02 6.27631028e-03 5.34474584e-01
  9.06170944e-01 9.77521124e+03 1.52971547e-02]
 [4.00000000e+01 8.00000000e+02 6.27631028e-03 5.34474584e-01
  9.06170944e-01 9.77521124e+03 1.52971547e-02]
 [4.10000000e+01 8.20000000e+02 6.27631028e-03 5.34474584e-01
  9.06170944e-01 9.77521124e+03 1.52971547e-02]
 [4.20000000e+01 8.40000000e+02 6.27631028e-03 5.34474584e-01
  9.06170944e-01 9.77521124e+03 1.52971547e-02]
 [4.30000000e+01 8.60000000e+02 6.27631028e-03 5.34474584e-01
  9.06170944e-01 9.77521124e+03 1.52971547e-02]
 [4.40000000e+01 8.80000000e+02 6.27631028e-03 5.34474584e-01
  9.06170944e-01 9.77521124e+03 1.52971547e-02]
 [4.50000000e+01 9.00000000e+02 6.27631028e-03 5.34474584e-01
  9.06170944e-01 9.77521124e+03 1.52971547e-02]
 [4.60000000e+01 9.20000000e+02 6.27631028e-03 5.34474584e-01
  9.06170944e-01 9.77521124e+03 1.52971547e-02]
 [4.70000000e+01 9.40000000e+02 6.27631028e-03 5.34474584e-01
  9.06170944e-01 9.77521124e+03 1.52971547e-02]
 [4.80000000e+01 9.60000000e+02 6.27631028e-03 5.34474584e-01
  9.06170944e-01 9.77521124e+03 1.52971547e-02]
 [4.90000000e+01 9.80000000e+02 6.27631028e-03 5.34474584e-01
  9.06170944e-01 9.77521124e+03 1.52971547e-02]
 [5.00000000e+01 1.00000000e+03 6.27631028e-03 5.34474584e-01
  9.06170944e-01 9.77521124e+03 1.52971547e-02]]