[[1.00000000e+00 2.00000000e+01 8.03557809e-03 4.47553277e-01
  7.89423696e-01 6.96957942e+03 5.21442828e-01]
 [2.00000000e+00 4.00000000e+01 6.73305954e-03 5.55617738e-01
  8.78438009e-01 1.13940790e+04 6.80034297e-02]
 [3.00000000e+00 6.00000000e+01 6.73305954e-03 5.55617738e-01
  8.78438009e-01 1.13940790e+04 6.80034297e-02]
 [4.00000000e+00 8.00000000e+01 6.73305954e-03 5.55617738e-01
  8.78438009e-01 1.13940790e+04 6.80034297e-02]
 [5.00000000e+00 1.00000000e+02 6.43113553e-03 5.55617738e-01
  8.78438009e-01 1.19640746e+04 3.98697104e-02]
 [6.00000000e+00 1.20000000e+02 6.43113553e-03 5.55617738e-01
  8.78438009e-01 1.19640746e+04 3.98697104e-02]
 [7.00000000e+00 1.40000000e+02 6.43113553e-03 5.55617738e-01
  8.78438009e-01 1.19640746e+04 3.98697104e-02]
 [8.00000000e+00 1.60000000e+02 6.43113553e-03 5.55617738e-01
  8.78438009e-01 1.19640746e+04 3.98697104e-02]
 [9.00000000e+00 1.80000000e+02 6.43113553e-03 5.55617738e-01
  8.78438009e-01 1.12140790e+04 1.68274709e-02]
 [1.00000000e+01 2.00000000e+02 6.43113553e-03 5.55617738e-01
  8.78438009e-01 1.12140790e+04 1.68274709e-02]
 [1.10000000e+01 2.20000000e+02 6.43113553e-03 5.55617738e-01
  8.78438009e-01 1.12140790e+04 1.68274709e-02]
 [1.20000000e+01 2.40000000e+02 6.43113553e-03 5.55617738e-01
  8.78438009e-01 1.12140790e+04 1.68274709e-02]
 [1.30000000e+01 2.60000000e+02 6.43113553e-03 5.55617738e-01
  8.78438009e-01 1.12140790e+04 1.68274709e-02]
 [1.40000000e+01 2.80000000e+02 6.43113553e-03 5.55617738e-01
  8.78438009e-01 9.26864533e+03 9.32949213e-03]
 [1.50000000e+01 3.00000000e+02 6.43113553e-03 5.55617738e-01
  8.78438009e-01 9.26864533e+03 9.32949213e-03]
 [1.60000000e+01 3.20000000e+02 6.43113553e-03 5.55617738e-01
  8.78438009e-01 9.26864533e+03 9.32949213e-03]
 [1.70000000e+01 3.40000000e+02 6.43113553e-03 5.55617738e-01
  8.78438009e-01 9.26864533e+03 9.32949213e-03]
 [1.80000000e+01 3.60000000e+02 6.43113553e-03 5.55617738e-01
  8.78438009e-01 9.26864533e+03 9.32949213e-03]
 [1.90000000e+01 3.80000000e+02 6.43113553e-03 5.55617738e-01
  8.78438009e-01 9.26864533e+03 9.32949213e-03]
 [2.00000000e+01 4.00000000e+02 6.43113553e-03 5.55617738e-01
  8.78438009e-01 9.26864533e+03 9.32949213e-03]
 [2.10000000e+01 4.20000000e+02 6.43113553e-03 5.55617738e-01
  8.78438009e-01 9.26864533e+03 9.32949213e-03]
 [2.20000000e+01 4.40000000e+02 6.43113553e-03 5.55617738e-01
  8.78438009e-01 9.26864533e+03 9.32949213e-03]
 [2.30000000e+01 4.60000000e+02 6.43113553e-03 5.55617738e-01
  8.78438009e-01 9.26864533e+03 9.32949213e-03]
 [2.40000000e+01 4.80000000e+02 6.43113553e-03 5.55617738e-01
  8.78438009e-01 9.45635784e+03 7.66778249e-03]
 [2.50000000e+01 5.00000000e+02 6.43113553e-03 5.55617738e-01
  8.78438009e-01 9.96292991e+03 5.31182833e-03]
 [2.60000000e+01 5.20000000e+02 6.43113553e-03 5.55617738e-01
  8.78438009e-01 9.96292991e+03 5.31182833e-03]
 [2.70000000e+01 5.40000000e+02 6.43113553e-03 5.55617738e-01
  8.78438009e-01 9.96292991e+03 5.31182833e-03]
 [2.80000000e+01 5.60000000e+02 6.43113553e-03 5.55617738e-01
  8.78438009e-01 9.96292991e+03 5.31182833e-03]
 [2.90000000e+01 5.80000000e+02 6.43113553e-03 5.55617738e-01
  8.78438009e-01 9.96292991e+03 5.31182833e-03]
 [3.00000000e+01 6.00000000e+02 6.43113553e-03 5.55617738e-01
  8.78438009e-01 9.96292991e+03 5.31182833e-03]
 [3.10000000e+01 6.20000000e+02 6.43113553e-03 5.55617738e-01
  8.78438009e-01 9.96292991e+03 5.31182833e-03]
 [3.20000000e+01 6.40000000e+02 6.43113553e-03 5.55617738e-01
  8.78438009e-01 9.96292991e+03 5.31182833e-03]
 [3.30000000e+01 6.60000000e+02 6.43113553e-03 5.55617738e-01
  8.78438009e-01 9.96292991e+03 5.31182833e-03]
 [3.40000000e+01 6.80000000e+02 6.43113553e-03 5.55617738e-01
  8.78438009e-01 9.96292991e+03 5.31182833e-03]
 [3.50000000e+01 7.00000000e+02 6.43113553e-03 5.55617738e-01
  8.78438009e-01 9.96292991e+03 5.31182833e-03]
 [3.60000000e+01 7.20000000e+02 6.43113553e-03 5.55617738e-01
  8.78438009e-01 9.96292991e+03 5.31182833e-03]
 [3.70000000e+01 7.40000000e+02 6.43113553e-03 5.55617738e-01
  8.78438009e-01 9.96292991e+03 5.31182833e-03]
 [3.80000000e+01 7.60000000e+02 6.43113553e-03 5.55617738e-01
  8.78438009e-01 9.96292991e+03 5.31182833e-03]
 [3.90000000e+01 7.80000000e+02 6.43113553e-03 5.55617738e-01
  8.78438009e-01 9.96292991e+03 5.31182833e-03]
 [4.00000000e+01 8.00000000e+02 6.43113553e-03 5.55617738e-01
  8.78438009e-01 9.96292991e+03 5.31182833e-03]
 [4.10000000e+01 8.20000000e+02 6.43113553e-03 5.55617738e-01
  8.78438009e-01 9.96292991e+03 5.31182833e-03]
 [4.20000000e+01 8.40000000e+02 6.43113553e-03 5.55617738e-01
  8.78438009e-01 9.96292991e+03 5.31182833e-03]
 [4.30000000e+01 8.60000000e+02 6.43113553e-03 5.55617738e-01
  8.78438009e-01 9.96292991e+03 5.31182833e-03]
 [4.40000000e+01 8.80000000e+02 6.43113553e-03 5.55617738e-01
  8.78438009e-01 9.96292991e+03 5.31182833e-03]
 [4.50000000e+01 9.00000000e+02 6.43113553e-03 5.55617738e-01
  8.78438009e-01 9.96292991e+03 5.31182833e-03]
 [4.60000000e+01 9.20000000e+02 6.43113553e-03 5.55617738e-01
  8.78438009e-01 9.96292991e+03 5.31182833e-03]
 [4.70000000e+01 9.40000000e+02 6.43113553e-03 5.55617738e-01
  8.78438009e-01 9.96292991e+03 5.31182833e-03]
 [4.80000000e+01 9.60000000e+02 6.43113553e-03 5.55617738e-01
  8.78438009e-01 9.96292991e+03 5.31182833e-03]
 [4.90000000e+01 9.80000000e+02 6.43113553e-03 5.55617738e-01
  8.78438009e-01 9.96292991e+03 5.31182833e-03]
 [5.00000000e+01 1.00000000e+03 6.43113553e-03 5.55617738e-01
  8.78438009e-01 9.96292991e+03 5.31182833e-03]]