[[1.00000000e+00 2.00000000e+01 7.32489110e-03 5.32752167e-01
  4.20932262e-01 1.26768626e+04 1.19319417e-01]
 [2.00000000e+00 4.00000000e+01 6.89884992e-03 6.93982163e-01
  7.10998806e-01 1.11304877e+04 8.49662196e-02]
 [3.00000000e+00 6.00000000e+01 6.89884992e-03 6.93982163e-01
  7.10998806e-01 1.09291565e+04 7.91843502e-02]
 [4.00000000e+00 8.00000000e+01 6.77876360e-03 9.37051485e-01
  6.52675564e-01 9.59301568e+03 7.93044365e-02]
 [5.00000000e+00 1.00000000e+02 6.59652087e-03 5.32752167e-01
  4.20932262e-01 1.34437863e+04 7.94866793e-02]
 [6.00000000e+00 1.20000000e+02 6.59652087e-03 5.32752167e-01
  4.20932262e-01 1.34437863e+04 7.94866793e-02]
 [7.00000000e+00 1.40000000e+02 6.59652087e-03 5.32752167e-01
  4.20932262e-01 1.28135242e+04 7.64100298e-02]
 [8.00000000e+00 1.60000000e+02 6.59652087e-03 5.32752167e-01
  4.20932262e-01 1.28135242e+04 7.64100298e-02]
 [9.00000000e+00 1.80000000e+02 6.47113136e-03 5.32752167e-01
  4.20932262e-01 1.27605093e+04 7.65354193e-02]
 [1.00000000e+01 2.00000000e+02 6.47113136e-03 5.32752167e-01
  4.20932262e-01 1.27605093e+04 7.65354193e-02]
 [1.10000000e+01 2.20000000e+02 6.47113136e-03 5.32752167e-01
  4.20932262e-01 1.27605093e+04 7.65354193e-02]
 [1.20000000e+01 2.40000000e+02 6.47113136e-03 5.32752167e-01
  4.20932262e-01 1.27605093e+04 7.65354193e-02]
 [1.30000000e+01 2.60000000e+02 6.47113136e-03 5.32752167e-01
  4.20932262e-01 1.27605093e+04 7.65354193e-02]
 [1.40000000e+01 2.80000000e+02 6.47113136e-03 5.32752167e-01
  4.20932262e-01 1.27605093e+04 7.65354193e-02]
 [1.50000000e+01 3.00000000e+02 6.47113136e-03 5.32752167e-01
  4.20932262e-01 1.24940671e+04 3.18964756e-02]
 [1.60000000e+01 3.20000000e+02 6.47113136e-03 5.32752167e-01
  4.20932262e-01 1.24940671e+04 3.18964756e-02]
 [1.70000000e+01 3.40000000e+02 6.47113136e-03 5.32752167e-01
  4.20932262e-01 1.24940671e+04 3.18964756e-02]
 [1.80000000e+01 3.60000000e+02 6.47113136e-03 5.32752167e-01
  4.20932262e-01 1.26171784e+04 2.91238222e-02]
 [1.90000000e+01 3.80000000e+02 6.47113136e-03 5.32752167e-01
  4.20932262e-01 1.26171784e+04 2.91238222e-02]
 [2.00000000e+01 4.00000000e+02 6.47113136e-03 5.32752167e-01
  4.20932262e-01 6.69446007e+03 2.05710083e-02]
 [2.10000000e+01 4.20000000e+02 6.47113136e-03 5.32752167e-01
  4.20932262e-01 6.69446007e+03 2.05710083e-02]
 [2.20000000e+01 4.40000000e+02 6.47113136e-03 5.32752167e-01
  4.20932262e-01 6.69446007e+03 2.05710083e-02]
 [2.30000000e+01 4.60000000e+02 6.47113136e-03 5.32752167e-01
  4.20932262e-01 6.69446007e+03 2.05710083e-02]
 [2.40000000e+01 4.80000000e+02 6.47113136e-03 5.32752167e-01
  4.20932262e-01 6.69446007e+03 2.05710083e-02]
 [2.50000000e+01 5.00000000e+02 6.47113136e-03 5.32752167e-01
  4.20932262e-01 6.69446007e+03 2.05710083e-02]
 [2.60000000e+01 5.20000000e+02 6.45632177e-03 8.19251408e-01
  2.06115722e-01 9.58826859e+03 2.05858179e-02]
 [2.70000000e+01 5.40000000e+02 6.45632177e-03 8.19251408e-01
  2.06115722e-01 9.58826859e+03 2.05858179e-02]
 [2.80000000e+01 5.60000000e+02 6.45632177e-03 8.19251408e-01
  2.06115722e-01 9.58826859e+03 2.05858179e-02]
 [2.90000000e+01 5.80000000e+02 6.45632177e-03 8.19251408e-01
  2.06115722e-01 9.58826859e+03 2.05858179e-02]
 [3.00000000e+01 6.00000000e+02 6.45632177e-03 8.19251408e-01
  2.06115722e-01 9.58826859e+03 2.05858179e-02]
 [3.10000000e+01 6.20000000e+02 6.45632177e-03 8.19251408e-01
  2.06115722e-01 9.58826859e+03 2.05858179e-02]
 [3.20000000e+01 6.40000000e+02 6.45632177e-03 8.19251408e-01
  2.06115722e-01 9.58826859e+03 2.05858179e-02]
 [3.30000000e+01 6.60000000e+02 6.43945201e-03 3.44394019e-01
  7.41635186e-01 6.96001064e+03 2.06026876e-02]
 [3.40000000e+01 6.80000000e+02 6.43945201e-03 3.44394019e-01
  7.41635186e-01 6.96001064e+03 2.06026876e-02]
 [3.50000000e+01 7.00000000e+02 6.43945201e-03 3.44394019e-01
  7.41635186e-01 6.96001064e+03 2.06026876e-02]
 [3.60000000e+01 7.20000000e+02 6.43945201e-03 3.44394019e-01
  7.41635186e-01 6.96001064e+03 2.06026876e-02]
 [3.70000000e+01 7.40000000e+02 6.43945201e-03 3.44394019e-01
  7.41635186e-01 6.96001064e+03 2.06026876e-02]
 [3.80000000e+01 7.60000000e+02 6.43945201e-03 3.44394019e-01
  7.41635186e-01 6.96001064e+03 2.06026876e-02]
 [3.90000000e+01 7.80000000e+02 6.43945201e-03 3.44394019e-01
  7.41635186e-01 6.96001064e+03 2.06026876e-02]
 [4.00000000e+01 8.00000000e+02 6.42365062e-03 3.92612194e-01
  9.51642647e-01 7.77411629e+03 2.06184890e-02]
 [4.10000000e+01 8.20000000e+02 6.42365062e-03 3.92612194e-01
  9.51642647e-01 7.77411629e+03 2.06184890e-02]
 [4.20000000e+01 8.40000000e+02 6.42365062e-03 3.92612194e-01
  9.51642647e-01 7.77411629e+03 2.06184890e-02]
 [4.30000000e+01 8.60000000e+02 6.42365062e-03 3.92612194e-01
  9.51642647e-01 7.77411629e+03 2.06184890e-02]
 [4.40000000e+01 8.80000000e+02 6.42365062e-03 3.92612194e-01
  9.51642647e-01 7.77411629e+03 2.06184890e-02]
 [4.50000000e+01 9.00000000e+02 6.42365062e-03 3.92612194e-01
  9.51642647e-01 7.77411629e+03 2.06184890e-02]
 [4.60000000e+01 9.20000000e+02 6.42365062e-03 3.92612194e-01
  9.51642647e-01 7.77411629e+03 2.06184890e-02]
 [4.70000000e+01 9.40000000e+02 6.42365062e-03 3.92612194e-01
  9.51642647e-01 7.77411629e+03 2.06184890e-02]
 [4.80000000e+01 9.60000000e+02 6.42365062e-03 3.92612194e-01
  9.51642647e-01 7.77411629e+03 2.06184890e-02]
 [4.90000000e+01 9.80000000e+02 6.42365062e-03 3.92612194e-01
  9.51642647e-01 7.77411629e+03 2.06184890e-02]
 [5.00000000e+01 1.00000000e+03 6.42365062e-03 3.92612194e-01
  9.51642647e-01 7.77411629e+03 2.06184890e-02]]