[[1.00000000e+00 2.00000000e+01 6.59630299e-03 1.10674322e-01
  9.22786422e-01 6.82487449e+03 1.13369032e-01]
 [2.00000000e+00 4.00000000e+01 6.59630299e-03 1.10674322e-01
  9.22786422e-01 6.82378568e+03 8.29470610e-02]
 [3.00000000e+00 6.00000000e+01 6.50609801e-03 1.08366743e-01
  8.22194201e-01 6.73295100e+03 8.30372660e-02]
 [4.00000000e+00 8.00000000e+01 6.50609801e-03 1.08366743e-01
  8.22194201e-01 6.73295100e+03 8.30372660e-02]
 [5.00000000e+00 1.00000000e+02 6.50609801e-03 1.08366743e-01
  8.22194201e-01 6.14877874e+03 7.57990559e-02]
 [6.00000000e+00 1.20000000e+02 6.45680407e-03 1.08366743e-01
  8.22194201e-01 5.66659283e+03 7.58483498e-02]
 [7.00000000e+00 1.40000000e+02 6.45680407e-03 1.08366743e-01
  8.22194201e-01 5.66659283e+03 7.58483498e-02]
 [8.00000000e+00 1.60000000e+02 6.45680407e-03 1.08366743e-01
  8.22194201e-01 5.66659283e+03 7.58483498e-02]
 [9.00000000e+00 1.80000000e+02 6.45680407e-03 1.08366743e-01
  8.22194201e-01 5.66659283e+03 7.58483498e-02]
 [1.00000000e+01 2.00000000e+02 6.45680407e-03 1.08366743e-01
  8.22194201e-01 5.66659283e+03 7.58483498e-02]
 [1.10000000e+01 2.20000000e+02 6.45680407e-03 1.08366743e-01
  8.22194201e-01 5.66659283e+03 7.58483498e-02]
 [1.20000000e+01 2.40000000e+02 6.43746630e-03 1.08366743e-01
  8.22194201e-01 5.96437712e+03 7.51294976e-02]
 [1.30000000e+01 2.60000000e+02 6.43746630e-03 1.08366743e-01
  8.22194201e-01 6.63856305e+03 5.14365097e-02]
 [1.40000000e+01 2.80000000e+02 6.43746630e-03 1.08366743e-01
  8.22194201e-01 4.69639354e+03 3.20110051e-02]
 [1.50000000e+01 3.00000000e+02 6.43746630e-03 1.08366743e-01
  8.22194201e-01 7.52777991e+03 8.91910580e-04]
 [1.60000000e+01 3.20000000e+02 6.43746630e-03 1.08366743e-01
  8.22194201e-01 7.12899529e+03 5.91830768e-04]
 [1.70000000e+01 3.40000000e+02 6.43746630e-03 1.08366743e-01
  8.22194201e-01 7.12899529e+03 5.91830768e-04]
 [1.80000000e+01 3.60000000e+02 6.43746630e-03 1.08366743e-01
  8.22194201e-01 7.12899529e+03 5.91830768e-04]
 [1.90000000e+01 3.80000000e+02 6.43746630e-03 1.08366743e-01
  8.22194201e-01 7.12899529e+03 5.91830768e-04]
 [2.00000000e+01 4.00000000e+02 6.43746630e-03 1.08366743e-01
  8.22194201e-01 7.12899529e+03 5.91830768e-04]
 [2.10000000e+01 4.20000000e+02 6.43746630e-03 1.08366743e-01
  8.22194201e-01 7.12899529e+03 5.91830768e-04]
 [2.20000000e+01 4.40000000e+02 6.43746630e-03 1.08366743e-01
  8.22194201e-01 7.12899529e+03 5.91830768e-04]
 [2.30000000e+01 4.60000000e+02 6.43746630e-03 1.08366743e-01
  8.22194201e-01 7.12899529e+03 5.91830768e-04]
 [2.40000000e+01 4.80000000e+02 6.43746630e-03 1.08366743e-01
  8.22194201e-01 7.12899529e+03 5.91830768e-04]
 [2.50000000e+01 5.00000000e+02 6.43746630e-03 1.08366743e-01
  8.22194201e-01 7.12899529e+03 5.91830768e-04]
 [2.60000000e+01 5.20000000e+02 6.43746630e-03 1.08366743e-01
  8.22194201e-01 7.12899529e+03 5.91830768e-04]
 [2.70000000e+01 5.40000000e+02 6.43746630e-03 1.08366743e-01
  8.22194201e-01 7.12899529e+03 5.91830768e-04]
 [2.80000000e+01 5.60000000e+02 6.43746630e-03 1.08366743e-01
  8.22194201e-01 7.12899529e+03 5.91830768e-04]
 [2.90000000e+01 5.80000000e+02 6.43746630e-03 1.08366743e-01
  8.22194201e-01 7.12899529e+03 5.91830768e-04]
 [3.00000000e+01 6.00000000e+02 6.43746630e-03 1.08366743e-01
  8.22194201e-01 7.12899529e+03 5.91830768e-04]
 [3.10000000e+01 6.20000000e+02 6.43746630e-03 1.08366743e-01
  8.22194201e-01 7.12899529e+03 5.91830768e-04]
 [3.20000000e+01 6.40000000e+02 6.43746630e-03 1.08366743e-01
  8.22194201e-01 7.12899529e+03 5.91830768e-04]
 [3.30000000e+01 6.60000000e+02 6.43746630e-03 1.08366743e-01
  8.22194201e-01 7.12899529e+03 5.91830768e-04]
 [3.40000000e+01 6.80000000e+02 6.43746630e-03 1.08366743e-01
  8.22194201e-01 7.12899529e+03 5.91830768e-04]
 [3.50000000e+01 7.00000000e+02 6.43746630e-03 1.08366743e-01
  8.22194201e-01 7.12899529e+03 5.91830768e-04]
 [3.60000000e+01 7.20000000e+02 6.43746630e-03 1.08366743e-01
  8.22194201e-01 7.12899529e+03 5.91830768e-04]
 [3.70000000e+01 7.40000000e+02 6.43746630e-03 1.08366743e-01
  8.22194201e-01 7.12899529e+03 5.91830768e-04]
 [3.80000000e+01 7.60000000e+02 6.43746630e-03 1.08366743e-01
  8.22194201e-01 7.12899529e+03 5.91830768e-04]
 [3.90000000e+01 7.80000000e+02 6.43746630e-03 1.08366743e-01
  8.22194201e-01 7.12899529e+03 5.91830768e-04]
 [4.00000000e+01 8.00000000e+02 6.43746630e-03 1.08366743e-01
  8.22194201e-01 7.12899529e+03 5.91830768e-04]
 [4.10000000e+01 8.20000000e+02 6.43746630e-03 1.08366743e-01
  8.22194201e-01 7.12899529e+03 5.91830768e-04]
 [4.20000000e+01 8.40000000e+02 6.43746630e-03 1.08366743e-01
  8.22194201e-01 7.12899529e+03 5.91830768e-04]
 [4.30000000e+01 8.60000000e+02 6.43746630e-03 1.08366743e-01
  8.22194201e-01 7.12899529e+03 5.91830768e-04]
 [4.40000000e+01 8.80000000e+02 6.43746630e-03 1.08366743e-01
  8.22194201e-01 7.12899529e+03 5.91830768e-04]
 [4.50000000e+01 9.00000000e+02 6.43746630e-03 1.08366743e-01
  8.22194201e-01 7.12899529e+03 5.91830768e-04]
 [4.60000000e+01 9.20000000e+02 6.43746630e-03 1.08366743e-01
  8.22194201e-01 7.12899529e+03 5.91830768e-04]
 [4.70000000e+01 9.40000000e+02 6.43746630e-03 1.08366743e-01
  8.22194201e-01 7.12899529e+03 5.91830768e-04]
 [4.80000000e+01 9.60000000e+02 6.43746630e-03 1.08366743e-01
  8.22194201e-01 7.12899529e+03 5.91830768e-04]
 [4.90000000e+01 9.80000000e+02 6.43746630e-03 1.08366743e-01
  8.22194201e-01 7.12899529e+03 5.91830768e-04]
 [5.00000000e+01 1.00000000e+03 6.43746630e-03 1.08366743e-01
  8.22194201e-01 7.12899529e+03 5.91830768e-04]]