[[1.00000000e+00 2.00000000e+01 1.07767223e-02 1.95003364e-01
  1.25674881e-02 2.60940608e+00]
 [2.00000000e+00 4.00000000e+01 1.07767223e-02 1.42877863e-01
  1.17640714e-02 2.53587713e+00]
 [3.00000000e+00 6.00000000e+01 1.07767223e-02 1.54252849e-01
  1.13729725e-02 2.24960458e+00]
 [4.00000000e+00 8.00000000e+01 1.07767223e-02 1.46546657e-01
  1.13241599e-02 2.30434324e+00]
 [5.00000000e+00 1.00000000e+02 1.07767223e-02 1.24185302e-01
  1.13226300e-02 2.10666392e+00]
 [6.00000000e+00 1.20000000e+02 1.07767223e-02 1.30636768e-01
  1.12495012e-02 2.04654667e+00]
 [7.00000000e+00 1.40000000e+02 1.07767223e-02 9.74782990e-02
  1.12040622e-02 2.09482451e+00]
 [8.00000000e+00 1.60000000e+02 1.07767223e-02 1.02732243e-01
  1.11534331e-02 1.97180909e+00]
 [9.00000000e+00 1.80000000e+02 1.07767223e-02 1.00525611e-01
  1.11384634e-02 1.93109785e+00]
 [1.00000000e+01 2.00000000e+02 1.07767223e-02 1.06615706e-01
  1.10776692e-02 1.91791086e+00]
 [1.10000000e+01 2.20000000e+02 1.07767223e-02 6.45593891e-02
  1.10400024e-02 1.83343923e+00]
 [1.20000000e+01 2.40000000e+02 1.07767223e-02 9.89622632e-02
  1.10107779e-02 1.74715526e+00]
 [1.30000000e+01 2.60000000e+02 1.07767223e-02 7.99858219e-02
  1.09678625e-02 1.73038541e+00]
 [1.40000000e+01 2.80000000e+02 1.07767223e-02 7.92667077e-02
  1.09559076e-02 1.77335896e+00]
 [1.50000000e+01 3.00000000e+02 1.07767223e-02 9.13246900e-02
  1.09483111e-02 1.76739950e+00]
 [1.60000000e+01 3.20000000e+02 1.07767223e-02 8.94544186e-02
  1.09453272e-02 1.80516742e+00]
 [1.70000000e+01 3.40000000e+02 1.07767223e-02 9.23466837e-02
  1.09385472e-02 1.72160325e+00]
 [1.80000000e+01 3.60000000e+02 1.07767223e-02 1.12314361e-01
  1.09268436e-02 1.73327213e+00]
 [1.90000000e+01 3.80000000e+02 1.07767223e-02 9.19604473e-02
  1.09101531e-02 1.72244725e+00]
 [2.00000000e+01 4.00000000e+02 1.07767223e-02 1.14642626e-01
  1.09038591e-02 1.77436984e+00]
 [2.10000000e+01 4.20000000e+02 1.07767223e-02 8.88489501e-02
  1.08929130e-02 1.73828409e+00]
 [2.20000000e+01 4.40000000e+02 1.07767223e-02 8.86862684e-02
  1.08892825e-02 1.73308624e+00]
 [2.30000000e+01 4.60000000e+02 1.07445087e-02 7.33885781e-02
  1.08836818e-02 1.66707704e+00]
 [2.40000000e+01 4.80000000e+02 1.07445087e-02 9.03029197e-02
  1.08793357e-02 1.70525878e+00]
 [2.50000000e+01 5.00000000e+02 1.07445087e-02 7.86347416e-02
  1.08777363e-02 1.72484178e+00]
 [2.60000000e+01 5.20000000e+02 1.07445087e-02 9.15596948e-02
  1.08730804e-02 1.69284513e+00]
 [2.70000000e+01 5.40000000e+02 1.07445087e-02 6.64931473e-02
  1.08730804e-02 1.64116101e+00]
 [2.80000000e+01 5.60000000e+02 1.07445087e-02 9.65979369e-02
  1.08618212e-02 1.59590616e+00]
 [2.90000000e+01 5.80000000e+02 1.07445087e-02 7.78953448e-02
  1.08583758e-02 1.61721751e+00]
 [3.00000000e+01 6.00000000e+02 1.07445087e-02 7.80178479e-02
  1.08530375e-02 1.60367338e+00]]