[[1.00000000e+00 2.00000000e+01 1.07767223e-02 2.20665596e-01
  1.18565139e-02 2.51827092e+00]
 [2.00000000e+00 4.00000000e+01 1.07767223e-02 1.03934959e-01
  1.15777697e-02 2.44452298e+00]
 [3.00000000e+00 6.00000000e+01 1.07767223e-02 2.06253100e-01
  1.13263375e-02 2.24989134e+00]
 [4.00000000e+00 8.00000000e+01 1.07767223e-02 1.00845911e-01
  1.12030071e-02 2.26088572e+00]
 [5.00000000e+00 1.00000000e+02 1.07767223e-02 1.29723408e-01
  1.11799165e-02 2.16200007e+00]
 [6.00000000e+00 1.20000000e+02 1.07767223e-02 1.40252656e-01
  1.11699357e-02 2.07224415e+00]
 [7.00000000e+00 1.40000000e+02 1.07767223e-02 9.94677709e-02
  1.10784126e-02 1.91999577e+00]
 [8.00000000e+00 1.60000000e+02 1.07767223e-02 1.14549219e-01
  1.10216861e-02 1.93116986e+00]
 [9.00000000e+00 1.80000000e+02 1.07767223e-02 1.11835343e-01
  1.10048576e-02 2.02409712e+00]
 [1.00000000e+01 2.00000000e+02 1.07767223e-02 1.03136920e-01
  1.09931508e-02 2.01134865e+00]
 [1.10000000e+01 2.20000000e+02 1.07767223e-02 1.13182300e-01
  1.09803092e-02 1.95267686e+00]
 [1.20000000e+01 2.40000000e+02 1.07767223e-02 8.42360346e-02
  1.09628223e-02 1.86175587e+00]
 [1.30000000e+01 2.60000000e+02 1.07767223e-02 9.58642460e-02
  1.09439026e-02 1.82734984e+00]
 [1.40000000e+01 2.80000000e+02 1.07767223e-02 8.87910026e-02
  1.09329922e-02 1.93078750e+00]
 [1.50000000e+01 3.00000000e+02 1.07767223e-02 7.97951850e-02
  1.09077654e-02 1.88782718e+00]
 [1.60000000e+01 3.20000000e+02 1.07767223e-02 1.00561381e-01
  1.08923630e-02 1.81363828e+00]
 [1.70000000e+01 3.40000000e+02 1.07767223e-02 8.93635298e-02
  1.08832206e-02 1.72553227e+00]
 [1.80000000e+01 3.60000000e+02 1.07767223e-02 7.05615821e-02
  1.08832206e-02 1.71527223e+00]
 [1.90000000e+01 3.80000000e+02 1.07506917e-02 8.03315203e-02
  1.08606193e-02 1.62581742e+00]
 [2.00000000e+01 4.00000000e+02 1.07432075e-02 1.00269135e-01
  1.08478289e-02 1.69598966e+00]
 [2.10000000e+01 4.20000000e+02 1.07432075e-02 6.28643976e-02
  1.08434348e-02 1.76906714e+00]
 [2.20000000e+01 4.40000000e+02 1.07432075e-02 7.37458600e-02
  1.08415832e-02 1.70474814e+00]
 [2.30000000e+01 4.60000000e+02 1.07432075e-02 6.64369473e-02
  1.08407429e-02 1.64272936e+00]
 [2.40000000e+01 4.80000000e+02 1.07432075e-02 5.06775634e-02
  1.08290106e-02 1.73174446e+00]
 [2.50000000e+01 5.00000000e+02 1.07367445e-02 6.44654260e-02
  1.08256329e-02 1.74654570e+00]
 [2.60000000e+01 5.20000000e+02 1.07327704e-02 4.28028640e-02
  1.08216308e-02 1.66049434e+00]
 [2.70000000e+01 5.40000000e+02 1.07327704e-02 4.67255927e-02
  1.08216308e-02 1.62110511e+00]
 [2.80000000e+01 5.60000000e+02 1.06604916e-02 5.53003396e-02
  1.08174950e-02 1.68489716e+00]
 [2.90000000e+01 5.80000000e+02 1.06604916e-02 4.10976902e-02
  1.08124716e-02 1.69234674e+00]
 [3.00000000e+01 6.00000000e+02 1.06604916e-02 3.78606847e-02
  1.08084925e-02 1.72353057e+00]]