[[1.00000000e+00 2.00000000e+01 1.07767223e-02 1.58777723e-01
  1.21908994e-02 2.59406476e+00]
 [2.00000000e+00 4.00000000e+01 1.07767223e-02 1.12560577e-01
  1.18726226e-02 2.53550611e+00]
 [3.00000000e+00 6.00000000e+01 1.07767223e-02 1.54433369e-01
  1.17479770e-02 2.34833303e+00]
 [4.00000000e+00 8.00000000e+01 1.07767223e-02 1.28238396e-01
  1.14391935e-02 2.27163563e+00]
 [5.00000000e+00 1.00000000e+02 1.07767223e-02 1.09075203e-01
  1.12710099e-02 2.21713085e+00]
 [6.00000000e+00 1.20000000e+02 1.07767223e-02 1.03048761e-01
  1.11901483e-02 2.07036486e+00]
 [7.00000000e+00 1.40000000e+02 1.07767223e-02 1.17336508e-01
  1.11867759e-02 1.99228283e+00]
 [8.00000000e+00 1.60000000e+02 1.07767223e-02 1.02402073e-01
  1.10656826e-02 1.88151822e+00]
 [9.00000000e+00 1.80000000e+02 1.07767223e-02 1.12637972e-01
  1.10518616e-02 1.90208228e+00]
 [1.00000000e+01 2.00000000e+02 1.07767223e-02 8.32051713e-02
  1.10101251e-02 1.91896085e+00]
 [1.10000000e+01 2.20000000e+02 1.07767223e-02 9.48576801e-02
  1.09971126e-02 1.84472611e+00]
 [1.20000000e+01 2.40000000e+02 1.07767223e-02 8.89102151e-02
  1.09843633e-02 1.80621763e+00]
 [1.30000000e+01 2.60000000e+02 1.07767223e-02 9.07315856e-02
  1.09623146e-02 1.78377552e+00]
 [1.40000000e+01 2.80000000e+02 1.07767223e-02 7.45239459e-02
  1.09249939e-02 1.69860244e+00]
 [1.50000000e+01 3.00000000e+02 1.07767223e-02 1.00885111e-01
  1.09126520e-02 1.76614514e+00]
 [1.60000000e+01 3.20000000e+02 1.07767223e-02 1.03104264e-01
  1.09037460e-02 1.66692976e+00]
 [1.70000000e+01 3.40000000e+02 1.07767223e-02 9.04213697e-02
  1.08948180e-02 1.69636606e+00]
 [1.80000000e+01 3.60000000e+02 1.07767223e-02 1.20467299e-01
  1.08802449e-02 1.71975184e+00]
 [1.90000000e+01 3.80000000e+02 1.07767223e-02 8.43531456e-02
  1.08719662e-02 1.70712597e+00]
 [2.00000000e+01 4.00000000e+02 1.07767223e-02 7.98413503e-02
  1.08665467e-02 1.61913087e+00]
 [2.10000000e+01 4.20000000e+02 1.07767223e-02 6.25902867e-02
  1.08660261e-02 1.59241866e+00]
 [2.20000000e+01 4.40000000e+02 1.07767223e-02 6.43393702e-02
  1.08601828e-02 1.59290436e+00]
 [2.30000000e+01 4.60000000e+02 1.07718945e-02 5.88124548e-02
  1.08460813e-02 1.64830918e+00]
 [2.40000000e+01 4.80000000e+02 1.07718945e-02 4.72133774e-02
  1.08457351e-02 1.69033834e+00]
 [2.50000000e+01 5.00000000e+02 1.07718945e-02 4.36940544e-02
  1.08419266e-02 1.66279352e+00]
 [2.60000000e+01 5.20000000e+02 1.07718945e-02 4.24178411e-02
  1.08357802e-02 1.57655730e+00]
 [2.70000000e+01 5.40000000e+02 1.07621933e-02 4.42355502e-02
  1.08346190e-02 1.56126249e+00]
 [2.80000000e+01 5.60000000e+02 1.07516624e-02 3.03949115e-02
  1.08327235e-02 1.52616175e+00]
 [2.90000000e+01 5.80000000e+02 1.07516624e-02 4.35478690e-02
  1.08293355e-02 1.59545479e+00]
 [3.00000000e+01 6.00000000e+02 1.07516624e-02 3.12812137e-02
  1.08202543e-02 1.54464157e+00]]