[[1.00000000e+00 2.00000000e+01 1.06799467e-02 1.71373405e-01
  1.18899337e-02 2.57175330e+00]
 [2.00000000e+00 4.00000000e+01 1.06799467e-02 1.01193292e-01
  1.16716409e-02 2.52676274e+00]
 [3.00000000e+00 6.00000000e+01 1.06799467e-02 1.78213194e-01
  1.13801985e-02 2.33154752e+00]
 [4.00000000e+00 8.00000000e+01 1.06799467e-02 9.58406195e-02
  1.12764914e-02 2.35397899e+00]
 [5.00000000e+00 1.00000000e+02 1.06799467e-02 1.45551576e-01
  1.11695829e-02 2.24936153e+00]
 [6.00000000e+00 1.20000000e+02 1.06799467e-02 1.11833798e-01
  1.11243025e-02 2.20038002e+00]
 [7.00000000e+00 1.40000000e+02 1.06799467e-02 1.20413786e-01
  1.10537621e-02 1.96614049e+00]
 [8.00000000e+00 1.60000000e+02 1.06799467e-02 1.30948660e-01
  1.10099624e-02 1.90182422e+00]
 [9.00000000e+00 1.80000000e+02 1.06799467e-02 9.24579671e-02
  1.09868342e-02 1.97226126e+00]
 [1.00000000e+01 2.00000000e+02 1.06799467e-02 1.00447532e-01
  1.09802745e-02 2.02723474e+00]
 [1.10000000e+01 2.20000000e+02 1.06799467e-02 8.99496268e-02
  1.09660247e-02 1.99183987e+00]
 [1.20000000e+01 2.40000000e+02 1.06782756e-02 1.07168330e-01
  1.09477413e-02 1.86809761e+00]
 [1.30000000e+01 2.60000000e+02 1.06782756e-02 8.58957026e-02
  1.09392001e-02 1.85838470e+00]
 [1.40000000e+01 2.80000000e+02 1.06782756e-02 5.05509674e-02
  1.09287299e-02 1.90651553e+00]
 [1.50000000e+01 3.00000000e+02 1.06782756e-02 7.46559664e-02
  1.09154456e-02 1.80446497e+00]
 [1.60000000e+01 3.20000000e+02 1.06782756e-02 5.83361365e-02
  1.09045269e-02 1.72624022e+00]
 [1.70000000e+01 3.40000000e+02 1.06681438e-02 8.29886448e-02
  1.08764789e-02 1.74390291e+00]
 [1.80000000e+01 3.60000000e+02 1.06369228e-02 7.69391670e-02
  1.08396057e-02 1.70694636e+00]
 [1.90000000e+01 3.80000000e+02 1.06369228e-02 6.43411050e-02
  1.08251220e-02 1.67424321e+00]
 [2.00000000e+01 4.00000000e+02 1.06369228e-02 6.33061199e-02
  1.08164452e-02 1.69014396e+00]
 [2.10000000e+01 4.20000000e+02 1.06369228e-02 4.34371124e-02
  1.07869695e-02 1.65460005e+00]
 [2.20000000e+01 4.40000000e+02 1.06369228e-02 4.29376060e-02
  1.07808990e-02 1.48172228e+00]
 [2.30000000e+01 4.60000000e+02 1.06369228e-02 2.55644995e-02
  1.07691063e-02 1.42992520e+00]
 [2.40000000e+01 4.80000000e+02 1.06354222e-02 2.80812573e-02
  1.07690313e-02 1.40857236e+00]
 [2.50000000e+01 5.00000000e+02 1.06354222e-02 2.05745225e-02
  1.07634357e-02 1.43788597e+00]
 [2.60000000e+01 5.20000000e+02 1.06182354e-02 2.38353815e-02
  1.07606165e-02 1.44479285e+00]
 [2.70000000e+01 5.40000000e+02 1.06182354e-02 1.62859147e-02
  1.07587659e-02 1.43688781e+00]
 [2.80000000e+01 5.60000000e+02 1.06176675e-02 2.10548099e-02
  1.07521856e-02 1.37378077e+00]
 [2.90000000e+01 5.80000000e+02 1.06176675e-02 1.46265736e-02
  1.07380749e-02 1.39112305e+00]
 [3.00000000e+01 6.00000000e+02 1.06176675e-02 1.62615865e-02
  1.07350788e-02 1.41004526e+00]]