[[1.00000000e+00 2.00000000e+01 1.07767223e-02 2.16639014e-01
  6.10798398e-02 2.48288506e+00]
 [2.00000000e+00 4.00000000e+01 1.07767223e-02 1.12208831e-01
  1.14334130e-02 2.49759834e+00]
 [3.00000000e+00 6.00000000e+01 1.07767223e-02 1.65105884e-01
  1.13805338e-02 2.39069700e+00]
 [4.00000000e+00 8.00000000e+01 1.07767223e-02 9.20100910e-02
  1.12853261e-02 2.34875893e+00]
 [5.00000000e+00 1.00000000e+02 1.07767223e-02 1.07232747e-01
  1.11845128e-02 2.11903592e+00]
 [6.00000000e+00 1.20000000e+02 1.07767223e-02 1.24774187e-01
  1.11701411e-02 2.09026991e+00]
 [7.00000000e+00 1.40000000e+02 1.07767223e-02 9.91622745e-02
  1.11240444e-02 2.01681811e+00]
 [8.00000000e+00 1.60000000e+02 1.07767223e-02 1.24204302e-01
  1.10678189e-02 2.01451911e+00]
 [9.00000000e+00 1.80000000e+02 1.07767223e-02 1.09608664e-01
  1.10082586e-02 1.97960130e+00]
 [1.00000000e+01 2.00000000e+02 1.07697613e-02 1.09644853e-01
  1.09493812e-02 1.94621798e+00]
 [1.10000000e+01 2.20000000e+02 1.07128277e-02 9.56199305e-02
  1.09232410e-02 1.94362334e+00]
 [1.20000000e+01 2.40000000e+02 1.06607102e-02 1.06874342e-01
  1.09067055e-02 1.94083666e+00]
 [1.30000000e+01 2.60000000e+02 1.06607102e-02 9.20539296e-02
  1.08837985e-02 1.89743731e+00]
 [1.40000000e+01 2.80000000e+02 1.06607102e-02 8.76194673e-02
  1.08652945e-02 1.93860729e+00]
 [1.50000000e+01 3.00000000e+02 1.06607102e-02 1.05538915e-01
  1.08572966e-02 1.88691855e+00]
 [1.60000000e+01 3.20000000e+02 1.05737282e-02 7.31797806e-02
  1.08330415e-02 1.88215846e+00]
 [1.70000000e+01 3.40000000e+02 1.05737282e-02 7.84499971e-02
  1.08163627e-02 1.93185001e+00]
 [1.80000000e+01 3.60000000e+02 1.05737282e-02 9.58520853e-02
  1.08063123e-02 1.91007769e+00]
 [1.90000000e+01 3.80000000e+02 1.05737282e-02 7.56236714e-02
  1.07812746e-02 1.83143893e+00]
 [2.00000000e+01 4.00000000e+02 1.05737282e-02 9.73242882e-02
  1.07748352e-02 1.77498150e+00]
 [2.10000000e+01 4.20000000e+02 1.05576708e-02 1.09838497e-01
  1.07489732e-02 1.75228620e+00]
 [2.20000000e+01 4.40000000e+02 1.05576708e-02 6.21852181e-02
  1.07269179e-02 1.80539931e+00]
 [2.30000000e+01 4.60000000e+02 1.05576708e-02 6.68651038e-02
  1.07227880e-02 1.79544578e+00]
 [2.40000000e+01 4.80000000e+02 1.05466932e-02 7.68802062e-02
  1.07103051e-02 1.67232607e+00]
 [2.50000000e+01 5.00000000e+02 1.05006764e-02 8.10420667e-02
  1.06778340e-02 1.54280233e+00]
 [2.60000000e+01 5.20000000e+02 1.05006764e-02 1.56776989e-01
  1.06681299e-02 1.41572889e+00]
 [2.70000000e+01 5.40000000e+02 1.05006764e-02 8.96646182e-02
  1.06405155e-02 1.28738297e+00]
 [2.80000000e+01 5.60000000e+02 1.05006764e-02 1.22403412e-01
  1.06324621e-02 1.27032263e+00]
 [2.90000000e+01 5.80000000e+02 1.05006764e-02 1.28590975e-01
  1.06195331e-02 1.37006117e+00]
 [3.00000000e+01 6.00000000e+02 1.05006764e-02 1.08236346e-01
  1.06061707e-02 1.40275684e+00]]