[[1.00000000e+00 2.00000000e+01 1.19022895e-02 9.49913707e-01
  4.99192255e-01 7.90790382e+03 3.79487563e-03]
 [2.00000000e+00 4.00000000e+01 1.19022895e-02 9.49913707e-01
  4.99192255e-01 1.04249474e+04 3.28681114e-03]
 [3.00000000e+00 6.00000000e+01 1.19022895e-02 9.49913707e-01
  4.99192255e-01 9.36690859e+03 3.04729565e-03]
 [4.00000000e+00 8.00000000e+01 1.19022895e-02 9.49913707e-01
  4.99192255e-01 7.54209852e+03 2.40499524e-03]
 [5.00000000e+00 1.00000000e+02 1.19022895e-02 9.49913707e-01
  4.99192255e-01 6.54679752e+03 1.50318508e-03]
 [6.00000000e+00 1.20000000e+02 1.17640251e-02 4.47253849e-01
  3.32502822e-01 1.05549698e+04 1.64144950e-03]
 [7.00000000e+00 1.40000000e+02 1.17640251e-02 4.47253849e-01
  3.32502822e-01 9.13439251e+03 1.10088779e-03]
 [8.00000000e+00 1.60000000e+02 1.17131857e-02 4.47253849e-01
  3.32502822e-01 1.00540352e+04 1.15172716e-03]
 [9.00000000e+00 1.80000000e+02 1.16900890e-02 4.47553277e-01
  9.87582984e-01 1.08360103e+04 1.17482392e-03]
 [1.00000000e+01 2.00000000e+02 1.16900890e-02 4.47553277e-01
  9.87582984e-01 1.08360103e+04 1.17482392e-03]
 [1.10000000e+01 2.20000000e+02 1.16900890e-02 4.47553277e-01
  9.87582984e-01 1.08360103e+04 1.17482392e-03]
 [1.20000000e+01 2.40000000e+02 1.16736872e-02 4.47253849e-01
  3.32502822e-01 9.70155124e+03 1.10156358e-03]
 [1.30000000e+01 2.60000000e+02 1.16736872e-02 4.47253849e-01
  3.32502822e-01 9.70155124e+03 1.10156358e-03]
 [1.40000000e+01 2.80000000e+02 1.16736872e-02 4.47253849e-01
  3.32502822e-01 9.70155124e+03 1.10156358e-03]
 [1.50000000e+01 3.00000000e+02 1.16736872e-02 4.47253849e-01
  3.32502822e-01 9.71987857e+03 1.07225079e-03]
 [1.60000000e+01 3.20000000e+02 1.16736872e-02 4.47253849e-01
  3.32502822e-01 9.71987857e+03 1.07225079e-03]
 [1.70000000e+01 3.40000000e+02 1.16736872e-02 4.47253849e-01
  3.32502822e-01 9.71987857e+03 1.07225079e-03]
 [1.80000000e+01 3.60000000e+02 1.15425608e-02 7.52124108e-01
  4.68762013e-01 9.08170738e+03 1.20337715e-03]
 [1.90000000e+01 3.80000000e+02 1.15425608e-02 7.52124108e-01
  4.68762013e-01 9.08170738e+03 1.20337715e-03]
 [2.00000000e+01 4.00000000e+02 1.15425608e-02 7.52124108e-01
  4.68762013e-01 9.08170738e+03 1.20337715e-03]
 [2.10000000e+01 4.20000000e+02 1.15425608e-02 7.52124108e-01
  4.68762013e-01 9.08170738e+03 1.20337715e-03]
 [2.20000000e+01 4.40000000e+02 1.15425608e-02 7.52124108e-01
  4.68762013e-01 9.08170738e+03 1.20337715e-03]
 [2.30000000e+01 4.60000000e+02 1.14763013e-02 3.68592120e-01
  9.44361681e-01 9.08592359e+03 1.17168203e-03]
 [2.40000000e+01 4.80000000e+02 1.14763013e-02 3.68592120e-01
  9.44361681e-01 9.08592359e+03 1.17168203e-03]
 [2.50000000e+01 5.00000000e+02 1.14763013e-02 3.68592120e-01
  9.44361681e-01 9.08592359e+03 1.17168203e-03]
 [2.60000000e+01 5.20000000e+02 1.14763013e-02 3.68592120e-01
  9.44361681e-01 9.08592359e+03 1.17168203e-03]
 [2.70000000e+01 5.40000000e+02 1.14763013e-02 3.68592120e-01
  9.44361681e-01 9.08592359e+03 1.17168203e-03]
 [2.80000000e+01 5.60000000e+02 1.14487061e-02 4.47553277e-01
  9.87582984e-01 8.90031367e+03 1.19927727e-03]
 [2.90000000e+01 5.80000000e+02 1.14421237e-02 3.91770017e-01
  8.30206740e-01 9.38381780e+03 1.20585969e-03]
 [3.00000000e+01 6.00000000e+02 1.14421237e-02 3.91770017e-01
  8.30206740e-01 7.03998172e+03 7.52583335e-04]
 [3.10000000e+01 6.20000000e+02 1.14421237e-02 3.91770017e-01
  8.30206740e-01 7.03998172e+03 7.52583335e-04]
 [3.20000000e+01 6.40000000e+02 1.14421237e-02 3.91770017e-01
  8.30206740e-01 7.03998172e+03 7.52583335e-04]
 [3.30000000e+01 6.60000000e+02 1.14421237e-02 3.91770017e-01
  8.30206740e-01 4.84457432e+03 7.38679952e-04]
 [3.40000000e+01 6.80000000e+02 1.14421237e-02 3.91770017e-01
  8.30206740e-01 4.84457432e+03 7.38679952e-04]
 [3.50000000e+01 7.00000000e+02 1.14421237e-02 3.91770017e-01
  8.30206740e-01 2.66875418e+03 5.39108451e-04]
 [3.60000000e+01 7.20000000e+02 1.14421237e-02 3.91770017e-01
  8.30206740e-01 2.61468092e+03 4.08007598e-04]
 [3.70000000e+01 7.40000000e+02 1.14360988e-02 4.47253849e-01
  3.32502822e-01 4.79046899e+03 4.14032475e-04]
 [3.80000000e+01 7.60000000e+02 1.13953022e-02 4.47253849e-01
  3.32502822e-01 5.04276949e+03 4.54829077e-04]
 [3.90000000e+01 7.80000000e+02 1.13953022e-02 4.47253849e-01
  3.32502822e-01 5.66997015e+03 4.11067409e-04]
 [4.00000000e+01 8.00000000e+02 1.13953022e-02 4.47253849e-01
  3.32502822e-01 5.66997015e+03 4.11067409e-04]
 [4.10000000e+01 8.20000000e+02 1.13874683e-02 3.25884179e-01
  2.62116059e-01 6.20325459e+03 4.18901324e-04]
 [4.20000000e+01 8.40000000e+02 1.13874683e-02 3.25884179e-01
  2.62116059e-01 6.20325459e+03 4.18901324e-04]
 [4.30000000e+01 8.60000000e+02 1.13874683e-02 3.25884179e-01
  2.62116059e-01 6.20325459e+03 4.18901324e-04]
 [4.40000000e+01 8.80000000e+02 1.13874683e-02 3.25884179e-01
  2.62116059e-01 6.20325459e+03 4.18901324e-04]
 [4.50000000e+01 9.00000000e+02 1.13874683e-02 3.25884179e-01
  2.62116059e-01 7.00330195e+03 3.82052088e-04]
 [4.60000000e+01 9.20000000e+02 1.13474048e-02 3.91770017e-01
  8.30206740e-01 7.32560944e+03 4.22115565e-04]
 [4.70000000e+01 9.40000000e+02 1.13474048e-02 3.91770017e-01
  8.30206740e-01 7.32560944e+03 4.22115565e-04]
 [4.80000000e+01 9.60000000e+02 1.13393303e-02 9.74055959e-01
  6.36330086e-03 6.17632891e+03 4.30190053e-04]
 [4.90000000e+01 9.80000000e+02 1.13393303e-02 9.74055959e-01
  6.36330086e-03 6.17632891e+03 4.30190053e-04]
 [5.00000000e+01 1.00000000e+03 1.13393303e-02 9.74055959e-01
  6.36330086e-03 6.17632884e+03 4.30190053e-04]]