[[1.00000000e+00 2.00000000e+01 5.96322204e-03 1.91668192e-01
  3.74129608e-01 1.14235884e+04 5.27887393e-02]
 [2.00000000e+00 4.00000000e+01 5.96322204e-03 1.91668192e-01
  3.74129608e-01 1.14235884e+04 5.27887393e-02]
 [3.00000000e+00 6.00000000e+01 5.96322204e-03 1.91668192e-01
  3.74129608e-01 8.74660142e+03 1.52910585e-02]
 [4.00000000e+00 8.00000000e+01 5.96322204e-03 1.91668192e-01
  3.74129608e-01 8.74660142e+03 1.52910585e-02]
 [5.00000000e+00 1.00000000e+02 5.96322204e-03 1.91668192e-01
  3.74129608e-01 8.74660142e+03 1.52910585e-02]
 [6.00000000e+00 1.20000000e+02 5.96322204e-03 1.91668192e-01
  3.74129608e-01 9.56445089e+03 1.45440168e-02]
 [7.00000000e+00 1.40000000e+02 5.96322204e-03 1.91668192e-01
  3.74129608e-01 9.56445089e+03 1.45440168e-02]
 [8.00000000e+00 1.60000000e+02 5.96322204e-03 1.91668192e-01
  3.74129608e-01 9.56445089e+03 1.45440168e-02]
 [9.00000000e+00 1.80000000e+02 5.96322204e-03 1.91668192e-01
  3.74129608e-01 8.54892785e+03 1.44117881e-02]
 [1.00000000e+01 2.00000000e+02 5.96322204e-03 1.91668192e-01
  3.74129608e-01 8.54892785e+03 1.44117881e-02]
 [1.10000000e+01 2.20000000e+02 5.96322204e-03 1.91668192e-01
  3.74129608e-01 8.54892785e+03 1.44117881e-02]
 [1.20000000e+01 2.40000000e+02 5.96322204e-03 1.91668192e-01
  3.74129608e-01 8.54892785e+03 1.44117881e-02]
 [1.30000000e+01 2.60000000e+02 5.96322204e-03 1.91668192e-01
  3.74129608e-01 8.54892785e+03 1.44117881e-02]
 [1.40000000e+01 2.80000000e+02 5.96322204e-03 1.91668192e-01
  3.74129608e-01 6.87705634e+03 2.01115220e-03]
 [1.50000000e+01 3.00000000e+02 5.96322204e-03 1.91668192e-01
  3.74129608e-01 6.80553411e+03 1.84002904e-03]
 [1.60000000e+01 3.20000000e+02 5.96322204e-03 1.91668192e-01
  3.74129608e-01 6.80553411e+03 1.84002904e-03]
 [1.70000000e+01 3.40000000e+02 5.96322204e-03 1.91668192e-01
  3.74129608e-01 6.80553411e+03 1.84002904e-03]
 [1.80000000e+01 3.60000000e+02 5.96322204e-03 1.91668192e-01
  3.74129608e-01 6.80553411e+03 1.84002904e-03]
 [1.90000000e+01 3.80000000e+02 5.96322204e-03 1.91668192e-01
  3.74129608e-01 8.44191930e+03 1.46574035e-03]
 [2.00000000e+01 4.00000000e+02 5.96322204e-03 1.91668192e-01
  3.74129608e-01 8.44191930e+03 1.46574035e-03]
 [2.10000000e+01 4.20000000e+02 5.96322204e-03 1.91668192e-01
  3.74129608e-01 8.01970597e+03 1.42809076e-03]
 [2.20000000e+01 4.40000000e+02 5.96322204e-03 1.91668192e-01
  3.74129608e-01 8.01970597e+03 1.42809076e-03]
 [2.30000000e+01 4.60000000e+02 5.96322204e-03 1.91668192e-01
  3.74129608e-01 8.01970597e+03 1.42809076e-03]
 [2.40000000e+01 4.80000000e+02 5.96322204e-03 1.91668192e-01
  3.74129608e-01 8.01970597e+03 1.42809076e-03]
 [2.50000000e+01 5.00000000e+02 5.96322204e-03 1.91668192e-01
  3.74129608e-01 5.70781383e+03 1.16727329e-03]
 [2.60000000e+01 5.20000000e+02 5.96322204e-03 1.91668192e-01
  3.74129608e-01 5.70781383e+03 1.16727329e-03]
 [2.70000000e+01 5.40000000e+02 5.96322204e-03 1.91668192e-01
  3.74129608e-01 5.70781383e+03 1.16727329e-03]
 [2.80000000e+01 5.60000000e+02 5.96322204e-03 1.91668192e-01
  3.74129608e-01 5.70781383e+03 1.16727329e-03]
 [2.90000000e+01 5.80000000e+02 5.96322204e-03 1.91668192e-01
  3.74129608e-01 5.70781383e+03 1.16727329e-03]
 [3.00000000e+01 6.00000000e+02 5.96322204e-03 1.91668192e-01
  3.74129608e-01 5.70781383e+03 1.16727329e-03]]