[[1.00000000e+00 2.00000000e+01 5.96322204e-03 6.93982163e-01
  7.10998806e-01 1.10480761e+04 3.41836049e-02]
 [2.00000000e+00 4.00000000e+01 5.96322204e-03 6.93982163e-01
  7.10998806e-01 1.10480761e+04 3.41836049e-02]
 [3.00000000e+00 6.00000000e+01 5.96322204e-03 6.93982163e-01
  7.10998806e-01 8.43490211e+03 3.37980630e-02]
 [4.00000000e+00 8.00000000e+01 5.96322204e-03 6.93982163e-01
  7.10998806e-01 8.43490211e+03 3.37980630e-02]
 [5.00000000e+00 1.00000000e+02 5.96322204e-03 6.93982163e-01
  7.10998806e-01 8.43490211e+03 3.37980630e-02]
 [6.00000000e+00 1.20000000e+02 5.96322204e-03 6.93982163e-01
  7.10998806e-01 8.43490211e+03 3.37980630e-02]
 [7.00000000e+00 1.40000000e+02 5.96322204e-03 6.93982163e-01
  7.10998806e-01 8.43490211e+03 3.37980630e-02]
 [8.00000000e+00 1.60000000e+02 5.96322204e-03 6.93982163e-01
  7.10998806e-01 8.43490211e+03 3.37980630e-02]
 [9.00000000e+00 1.80000000e+02 5.96322204e-03 6.93982163e-01
  7.10998806e-01 7.32675114e+03 2.43456370e-03]
 [1.00000000e+01 2.00000000e+02 5.96322204e-03 6.93982163e-01
  7.10998806e-01 7.32675114e+03 2.43456370e-03]
 [1.10000000e+01 2.20000000e+02 5.96322204e-03 6.93982163e-01
  7.10998806e-01 7.32675114e+03 2.43456370e-03]
 [1.20000000e+01 2.40000000e+02 5.96322204e-03 6.93982163e-01
  7.10998806e-01 7.17515139e+03 1.19789680e-03]
 [1.30000000e+01 2.60000000e+02 5.96322204e-03 6.93982163e-01
  7.10998806e-01 7.17515139e+03 1.19789680e-03]
 [1.40000000e+01 2.80000000e+02 5.96322204e-03 6.93982163e-01
  7.10998806e-01 7.90326142e+03 1.11745945e-03]
 [1.50000000e+01 3.00000000e+02 5.96322204e-03 6.93982163e-01
  7.10998806e-01 7.90326142e+03 1.11745945e-03]
 [1.60000000e+01 3.20000000e+02 5.96322204e-03 6.93982163e-01
  7.10998806e-01 7.90326142e+03 1.11745945e-03]
 [1.70000000e+01 3.40000000e+02 5.96322204e-03 6.93982163e-01
  7.10998806e-01 7.90326142e+03 1.11745945e-03]
 [1.80000000e+01 3.60000000e+02 5.96322204e-03 6.93982163e-01
  7.10998806e-01 7.90326142e+03 1.11745945e-03]
 [1.90000000e+01 3.80000000e+02 5.96322204e-03 6.93982163e-01
  7.10998806e-01 7.90326142e+03 1.11745945e-03]
 [2.00000000e+01 4.00000000e+02 5.96322204e-03 6.93982163e-01
  7.10998806e-01 7.90326142e+03 1.11745945e-03]
 [2.10000000e+01 4.20000000e+02 5.96322204e-03 6.93982163e-01
  7.10998806e-01 7.90326142e+03 1.11745945e-03]
 [2.20000000e+01 4.40000000e+02 5.96322204e-03 6.93982163e-01
  7.10998806e-01 7.90326142e+03 1.11745945e-03]
 [2.30000000e+01 4.60000000e+02 5.96322204e-03 6.93982163e-01
  7.10998806e-01 3.79746438e+03 8.87540746e-04]
 [2.40000000e+01 4.80000000e+02 5.96322204e-03 6.93982163e-01
  7.10998806e-01 3.79746438e+03 8.87540746e-04]
 [2.50000000e+01 5.00000000e+02 5.96322204e-03 6.93982163e-01
  7.10998806e-01 3.50356148e+03 8.54500919e-04]
 [2.60000000e+01 5.20000000e+02 5.96322204e-03 6.93982163e-01
  7.10998806e-01 3.50356148e+03 8.54500919e-04]
 [2.70000000e+01 5.40000000e+02 5.96322204e-03 6.93982163e-01
  7.10998806e-01 3.80607211e+03 8.09122274e-04]
 [2.80000000e+01 5.60000000e+02 5.96322204e-03 6.93982163e-01
  7.10998806e-01 3.80607211e+03 8.09122274e-04]
 [2.90000000e+01 5.80000000e+02 5.96322204e-03 6.93982163e-01
  7.10998806e-01 7.07612462e+03 6.45624336e-04]
 [3.00000000e+01 6.00000000e+02 5.96322204e-03 6.93982163e-01
  7.10998806e-01 7.07612462e+03 6.45624336e-04]]