[[1.00000000e+00 2.00000000e+01 5.96322204e-03 1.87718623e-01
  6.46414039e-01 1.10743988e+04 1.26308567e-01]
 [2.00000000e+00 4.00000000e+01 5.96322204e-03 1.87718623e-01
  6.46414039e-01 1.10743988e+04 1.26308567e-01]
 [3.00000000e+00 6.00000000e+01 5.96322204e-03 1.87718623e-01
  6.46414039e-01 1.10741719e+04 1.18366649e-01]
 [4.00000000e+00 8.00000000e+01 5.96322204e-03 1.87718623e-01
  6.46414039e-01 1.10741719e+04 1.18366649e-01]
 [5.00000000e+00 1.00000000e+02 5.96322204e-03 1.87718623e-01
  6.46414039e-01 1.10741719e+04 1.18366649e-01]
 [6.00000000e+00 1.20000000e+02 5.96322204e-03 1.87718623e-01
  6.46414039e-01 1.10741719e+04 1.18366649e-01]
 [7.00000000e+00 1.40000000e+02 5.96322204e-03 1.87718623e-01
  6.46414039e-01 9.84041875e+03 4.09689154e-02]
 [8.00000000e+00 1.60000000e+02 5.96322204e-03 1.87718623e-01
  6.46414039e-01 9.84041875e+03 4.09689154e-02]
 [9.00000000e+00 1.80000000e+02 5.96322204e-03 1.87718623e-01
  6.46414039e-01 9.84041875e+03 4.09689154e-02]
 [1.00000000e+01 2.00000000e+02 5.96322204e-03 1.87718623e-01
  6.46414039e-01 9.84041875e+03 4.09689154e-02]
 [1.10000000e+01 2.20000000e+02 5.96322204e-03 1.87718623e-01
  6.46414039e-01 9.84041875e+03 4.09689154e-02]
 [1.20000000e+01 2.40000000e+02 5.96322204e-03 1.87718623e-01
  6.46414039e-01 9.84041875e+03 4.09689154e-02]
 [1.30000000e+01 2.60000000e+02 5.96322204e-03 1.87718623e-01
  6.46414039e-01 9.84041875e+03 4.09689154e-02]
 [1.40000000e+01 2.80000000e+02 5.96322204e-03 1.87718623e-01
  6.46414039e-01 9.84041875e+03 4.09689154e-02]
 [1.50000000e+01 3.00000000e+02 5.96322204e-03 1.87718623e-01
  6.46414039e-01 9.84041875e+03 4.09689154e-02]
 [1.60000000e+01 3.20000000e+02 5.96322204e-03 1.87718623e-01
  6.46414039e-01 9.84041875e+03 4.09689154e-02]
 [1.70000000e+01 3.40000000e+02 5.96322204e-03 1.87718623e-01
  6.46414039e-01 9.84041875e+03 4.09689154e-02]
 [1.80000000e+01 3.60000000e+02 5.96322204e-03 1.87718623e-01
  6.46414039e-01 9.84041875e+03 4.09689154e-02]
 [1.90000000e+01 3.80000000e+02 5.96322204e-03 1.87718623e-01
  6.46414039e-01 9.84041875e+03 4.09689154e-02]
 [2.00000000e+01 4.00000000e+02 5.96322204e-03 1.87718623e-01
  6.46414039e-01 9.84041875e+03 4.09689154e-02]
 [2.10000000e+01 4.20000000e+02 5.96322204e-03 1.87718623e-01
  6.46414039e-01 9.84041875e+03 4.09689154e-02]
 [2.20000000e+01 4.40000000e+02 5.96322204e-03 1.87718623e-01
  6.46414039e-01 9.84041875e+03 4.09689154e-02]
 [2.30000000e+01 4.60000000e+02 5.96322204e-03 1.87718623e-01
  6.46414039e-01 9.84041875e+03 4.09689154e-02]
 [2.40000000e+01 4.80000000e+02 5.96322204e-03 1.87718623e-01
  6.46414039e-01 9.84041875e+03 4.09689154e-02]
 [2.50000000e+01 5.00000000e+02 5.96322204e-03 1.87718623e-01
  6.46414039e-01 9.85215272e+03 1.69346892e-02]
 [2.60000000e+01 5.20000000e+02 5.96322204e-03 1.87718623e-01
  6.46414039e-01 9.85215272e+03 1.69346892e-02]
 [2.70000000e+01 5.40000000e+02 5.96322204e-03 1.87718623e-01
  6.46414039e-01 9.85215272e+03 1.69346892e-02]
 [2.80000000e+01 5.60000000e+02 5.96322204e-03 1.87718623e-01
  6.46414039e-01 9.85215272e+03 1.69346892e-02]
 [2.90000000e+01 5.80000000e+02 5.96322204e-03 1.87718623e-01
  6.46414039e-01 9.85215272e+03 1.69346892e-02]
 [3.00000000e+01 6.00000000e+02 5.96322204e-03 1.87718623e-01
  6.46414039e-01 9.85215272e+03 1.69346892e-02]]