[[1.00000000e+00 2.00000000e+01 5.96322204e-03 4.47553277e-01
  7.89423696e-01 1.16066227e+04 9.30760001e-02]
 [2.00000000e+00 4.00000000e+01 5.96322204e-03 4.47553277e-01
  7.89423696e-01 1.15246274e+04 7.49933741e-02]
 [3.00000000e+00 6.00000000e+01 5.96322204e-03 4.47553277e-01
  7.89423696e-01 1.15246274e+04 7.49933741e-02]
 [4.00000000e+00 8.00000000e+01 5.96322204e-03 4.47553277e-01
  7.89423696e-01 1.15246274e+04 7.49933741e-02]
 [5.00000000e+00 1.00000000e+02 5.96322204e-03 4.47553277e-01
  7.89423696e-01 1.15246274e+04 7.49933741e-02]
 [6.00000000e+00 1.20000000e+02 5.96322204e-03 4.47553277e-01
  7.89423696e-01 1.15246274e+04 7.49933741e-02]
 [7.00000000e+00 1.40000000e+02 5.96322204e-03 4.47553277e-01
  7.89423696e-01 1.15246274e+04 7.49933741e-02]
 [8.00000000e+00 1.60000000e+02 5.96322204e-03 4.47553277e-01
  7.89423696e-01 1.15246274e+04 7.49933741e-02]
 [9.00000000e+00 1.80000000e+02 5.96322204e-03 4.47553277e-01
  7.89423696e-01 1.15246274e+04 7.49933741e-02]
 [1.00000000e+01 2.00000000e+02 5.96322204e-03 4.47553277e-01
  7.89423696e-01 1.15246274e+04 7.49933741e-02]
 [1.10000000e+01 2.20000000e+02 5.96322204e-03 4.47553277e-01
  7.89423696e-01 1.15246274e+04 7.49933741e-02]
 [1.20000000e+01 2.40000000e+02 5.96322204e-03 4.47553277e-01
  7.89423696e-01 1.15246274e+04 7.49933741e-02]
 [1.30000000e+01 2.60000000e+02 5.96322204e-03 4.47553277e-01
  7.89423696e-01 1.15246274e+04 7.49933741e-02]
 [1.40000000e+01 2.80000000e+02 5.96322204e-03 4.47553277e-01
  7.89423696e-01 1.01594789e+04 3.65823314e-02]
 [1.50000000e+01 3.00000000e+02 5.96322204e-03 4.47553277e-01
  7.89423696e-01 1.01594789e+04 3.65823314e-02]
 [1.60000000e+01 3.20000000e+02 5.96322204e-03 4.47553277e-01
  7.89423696e-01 8.37774343e+03 3.43381280e-02]
 [1.70000000e+01 3.40000000e+02 5.96322204e-03 4.47553277e-01
  7.89423696e-01 8.37774343e+03 3.43381280e-02]
 [1.80000000e+01 3.60000000e+02 5.96322204e-03 4.47553277e-01
  7.89423696e-01 8.37774343e+03 3.43381280e-02]
 [1.90000000e+01 3.80000000e+02 5.96322204e-03 4.47553277e-01
  7.89423696e-01 8.37774343e+03 3.43381280e-02]
 [2.00000000e+01 4.00000000e+02 5.96322204e-03 4.47553277e-01
  7.89423696e-01 8.37774343e+03 3.43381280e-02]
 [2.10000000e+01 4.20000000e+02 5.96322204e-03 4.47553277e-01
  7.89423696e-01 8.37774343e+03 3.43381280e-02]
 [2.20000000e+01 4.40000000e+02 5.96322204e-03 4.47553277e-01
  7.89423696e-01 8.37774343e+03 3.43381280e-02]
 [2.30000000e+01 4.60000000e+02 5.96322204e-03 4.47553277e-01
  7.89423696e-01 8.37774343e+03 3.43381280e-02]
 [2.40000000e+01 4.80000000e+02 5.96322204e-03 4.47553277e-01
  7.89423696e-01 8.37774343e+03 3.43381280e-02]
 [2.50000000e+01 5.00000000e+02 5.96322204e-03 4.47553277e-01
  7.89423696e-01 8.37774343e+03 3.43381280e-02]
 [2.60000000e+01 5.20000000e+02 5.96322204e-03 4.47553277e-01
  7.89423696e-01 8.37774343e+03 3.43381280e-02]
 [2.70000000e+01 5.40000000e+02 5.96322204e-03 4.47553277e-01
  7.89423696e-01 8.37774343e+03 3.43381280e-02]
 [2.80000000e+01 5.60000000e+02 5.96322204e-03 4.47553277e-01
  7.89423696e-01 8.37774343e+03 3.43381280e-02]
 [2.90000000e+01 5.80000000e+02 5.96322204e-03 4.47553277e-01
  7.89423696e-01 6.09596450e+03 2.70980934e-02]
 [3.00000000e+01 6.00000000e+02 5.96322204e-03 4.47553277e-01
  7.89423696e-01 6.09596450e+03 2.70980934e-02]]