[[1.00000000e+00 2.00000000e+01 1.22230019e-02 2.50705306e-01
  3.85879333e-02 2.54617835e+00]
 [2.00000000e+00 4.00000000e+01 1.22230019e-02 1.72605646e-01
  1.33922172e-02 2.10879066e+00]
 [3.00000000e+00 6.00000000e+01 1.22092822e-02 1.47892117e-01
  1.29127492e-02 1.71206570e+00]
 [4.00000000e+00 8.00000000e+01 1.22092822e-02 1.79361251e-01
  1.27748683e-02 1.76654709e+00]
 [5.00000000e+00 1.00000000e+02 1.22092822e-02 1.18089927e-01
  1.27096871e-02 1.63436005e+00]
 [6.00000000e+00 1.20000000e+02 1.22092822e-02 1.36499411e-01
  1.26552002e-02 1.47857524e+00]
 [7.00000000e+00 1.40000000e+02 1.22092822e-02 1.22077468e-01
  1.25930439e-02 1.39111964e+00]
 [8.00000000e+00 1.60000000e+02 1.21209801e-02 1.21530789e-01
  1.25138852e-02 1.31582994e+00]
 [9.00000000e+00 1.80000000e+02 1.21209801e-02 1.06068202e-01
  1.24596287e-02 1.32053828e+00]
 [1.00000000e+01 2.00000000e+02 1.21209801e-02 1.05210829e-01
  1.23816630e-02 1.16064318e+00]
 [1.10000000e+01 2.20000000e+02 1.20606403e-02 1.48776697e-01
  1.23573251e-02 1.17317216e+00]
 [1.20000000e+01 2.40000000e+02 1.20458008e-02 1.15830490e-01
  1.23295178e-02 1.18029589e+00]
 [1.30000000e+01 2.60000000e+02 1.19315842e-02 1.27748037e-01
  1.22873592e-02 1.16605278e+00]
 [1.40000000e+01 2.80000000e+02 1.19315842e-02 6.91776928e-02
  1.22240837e-02 1.18275630e+00]
 [1.50000000e+01 3.00000000e+02 1.18830769e-02 7.34991351e-02
  1.21255897e-02 1.19981189e+00]
 [1.60000000e+01 3.20000000e+02 1.18630218e-02 1.09926935e-01
  1.21155989e-02 1.15132229e+00]
 [1.70000000e+01 3.40000000e+02 1.18630218e-02 6.40277717e-02
  1.20802127e-02 1.06627859e+00]
 [1.80000000e+01 3.60000000e+02 1.16118336e-02 1.06933459e-01
  1.20004724e-02 1.14072189e+00]
 [1.90000000e+01 3.80000000e+02 1.16118336e-02 7.12091140e-02
  1.19045410e-02 1.08219752e+00]
 [2.00000000e+01 4.00000000e+02 1.15989507e-02 9.94978077e-02
  1.18496932e-02 1.06666938e+00]
 [2.10000000e+01 4.20000000e+02 1.15989507e-02 9.05423407e-02
  1.18198874e-02 9.58064520e-01]
 [2.20000000e+01 4.40000000e+02 1.15989507e-02 6.79521833e-02
  1.17579391e-02 8.82062760e-01]
 [2.30000000e+01 4.60000000e+02 1.15582576e-02 6.96649004e-02
  1.17382506e-02 8.33419663e-01]
 [2.40000000e+01 4.80000000e+02 1.15582576e-02 5.97150081e-02
  1.17183194e-02 7.46190294e-01]
 [2.50000000e+01 5.00000000e+02 1.15582576e-02 3.42469787e-02
  1.17132542e-02 6.42136025e-01]
 [2.60000000e+01 5.20000000e+02 1.15054300e-02 4.92463953e-02
  1.16774937e-02 6.43874690e-01]
 [2.70000000e+01 5.40000000e+02 1.15054300e-02 3.04240146e-02
  1.16341614e-02 6.54440297e-01]
 [2.80000000e+01 5.60000000e+02 1.15054300e-02 2.99827042e-02
  1.16148919e-02 5.81895615e-01]
 [2.90000000e+01 5.80000000e+02 1.14543673e-02 2.81169026e-02
  1.15980502e-02 5.57159531e-01]
 [3.00000000e+01 6.00000000e+02 1.14543673e-02 1.51872375e-02
  1.15857996e-02 4.89914331e-01]
 [3.10000000e+01 6.20000000e+02 1.14543673e-02 1.90717917e-02
  1.15701562e-02 4.24491853e-01]
 [3.20000000e+01 6.40000000e+02 1.14138163e-02 2.39569988e-02
  1.15550452e-02 4.61452181e-01]
 [3.30000000e+01 6.60000000e+02 1.14138163e-02 1.43610937e-02
  1.15464069e-02 4.17496375e-01]
 [3.40000000e+01 6.80000000e+02 1.14138163e-02 2.09788798e-02
  1.15431168e-02 3.89035055e-01]
 [3.50000000e+01 7.00000000e+02 1.14138163e-02 1.41131907e-02
  1.15318694e-02 3.81487011e-01]
 [3.60000000e+01 7.20000000e+02 1.14138163e-02 1.55285149e-02
  1.15318346e-02 3.38745087e-01]
 [3.70000000e+01 7.40000000e+02 1.14138163e-02 1.89920809e-02
  1.15262838e-02 3.35931444e-01]
 [3.80000000e+01 7.60000000e+02 1.14138163e-02 1.35440104e-02
  1.15234246e-02 3.21106736e-01]
 [3.90000000e+01 7.80000000e+02 1.14138163e-02 1.64803494e-02
  1.15036975e-02 2.86610834e-01]
 [4.00000000e+01 8.00000000e+02 1.14138163e-02 1.51777589e-02
  1.14998812e-02 3.09842404e-01]
 [4.10000000e+01 8.20000000e+02 1.14138163e-02 1.03889813e-02
  1.14937328e-02 3.16000383e-01]
 [4.20000000e+01 8.40000000e+02 1.14138163e-02 1.17957806e-02
  1.14801668e-02 2.74034113e-01]
 [4.30000000e+01 8.60000000e+02 1.14138163e-02 1.24976969e-02
  1.14769435e-02 2.40624318e-01]
 [4.40000000e+01 8.80000000e+02 1.14138163e-02 3.91617966e-03
  1.14739545e-02 2.57828876e-01]
 [4.50000000e+01 9.00000000e+02 1.14138163e-02 9.94040312e-03
  1.14634187e-02 2.83911793e-01]
 [4.60000000e+01 9.20000000e+02 1.14138163e-02 8.07444626e-03
  1.14612159e-02 2.60430427e-01]
 [4.70000000e+01 9.40000000e+02 1.14138163e-02 5.18257971e-03
  1.14609624e-02 2.34946938e-01]
 [4.80000000e+01 9.60000000e+02 1.14138163e-02 7.63845390e-03
  1.14606398e-02 2.22112429e-01]
 [4.90000000e+01 9.80000000e+02 1.14138163e-02 6.56930255e-03
  1.14606398e-02 2.34928780e-01]
 [5.00000000e+01 1.00000000e+03 1.14053397e-02 7.72420065e-03
  1.14577477e-02 2.51696459e-01]]