[[1.00000000e+00 2.00000000e+01 1.18500465e-02 2.29846668e-01
  1.32808782e-02 2.64335454e+00]
 [2.00000000e+00 4.00000000e+01 1.18500465e-02 1.63670179e-01
  1.29141306e-02 2.77773023e+00]
 [3.00000000e+00 6.00000000e+01 1.17609060e-02 1.42482250e-01
  1.23967085e-02 2.57699128e+00]
 [4.00000000e+00 8.00000000e+01 1.17609060e-02 1.00556050e-01
  1.21705212e-02 2.56668450e+00]
 [5.00000000e+00 1.00000000e+02 1.15025633e-02 1.05198223e-01
  1.20948519e-02 2.48943842e+00]
 [6.00000000e+00 1.20000000e+02 1.15025633e-02 9.15657180e-02
  1.19903434e-02 2.33201079e+00]
 [7.00000000e+00 1.40000000e+02 1.15025633e-02 4.95567089e-02
  1.19164944e-02 2.40571251e+00]
 [8.00000000e+00 1.60000000e+02 1.13848924e-02 4.58714905e-02
  1.18302497e-02 2.28050648e+00]
 [9.00000000e+00 1.80000000e+02 1.13848924e-02 5.18687083e-02
  1.17359397e-02 2.24024039e+00]
 [1.00000000e+01 2.00000000e+02 1.13848924e-02 3.41007547e-02
  1.17047473e-02 2.27673121e+00]
 [1.10000000e+01 2.20000000e+02 1.13792242e-02 2.34801309e-02
  1.16910841e-02 2.15196638e+00]
 [1.20000000e+01 2.40000000e+02 1.12882733e-02 4.34971717e-02
  1.16293374e-02 2.00884667e+00]
 [1.30000000e+01 2.60000000e+02 1.12882733e-02 4.01305441e-02
  1.15813101e-02 2.07282444e+00]
 [1.40000000e+01 2.80000000e+02 1.12882733e-02 3.32808159e-02
  1.15406227e-02 1.99783363e+00]
 [1.50000000e+01 3.00000000e+02 1.12360551e-02 1.97042076e-02
  1.14909035e-02 2.06616933e+00]
 [1.60000000e+01 3.20000000e+02 1.12360551e-02 2.38400087e-02
  1.14731869e-02 2.01016544e+00]
 [1.70000000e+01 3.40000000e+02 1.12360551e-02 2.23553358e-02
  1.14508741e-02 1.86083670e+00]
 [1.80000000e+01 3.60000000e+02 1.12360551e-02 3.31269906e-02
  1.14316488e-02 1.83107983e+00]
 [1.90000000e+01 3.80000000e+02 1.12034260e-02 4.51780716e-02
  1.13544854e-02 1.68613663e+00]
 [2.00000000e+01 4.00000000e+02 1.12034260e-02 1.89190241e-02
  1.13465889e-02 1.72177906e+00]
 [2.10000000e+01 4.20000000e+02 1.12034260e-02 5.41057443e-02
  1.13049787e-02 1.60360465e+00]
 [2.20000000e+01 4.40000000e+02 1.11711083e-02 3.32371849e-02
  1.12730872e-02 1.62656531e+00]
 [2.30000000e+01 4.60000000e+02 1.10640011e-02 5.13221831e-02
  1.12508901e-02 1.62165492e+00]
 [2.40000000e+01 4.80000000e+02 1.10640011e-02 4.08439703e-02
  1.12422938e-02 1.77544455e+00]
 [2.50000000e+01 5.00000000e+02 1.10066275e-02 2.89834980e-02
  1.12196202e-02 1.69630371e+00]
 [2.60000000e+01 5.20000000e+02 1.10066275e-02 6.62391265e-02
  1.12109274e-02 1.75894917e+00]
 [2.70000000e+01 5.40000000e+02 1.10066275e-02 4.86697291e-02
  1.11922260e-02 1.71853511e+00]
 [2.80000000e+01 5.60000000e+02 1.10066275e-02 5.34734351e-02
  1.11848662e-02 1.64119037e+00]
 [2.90000000e+01 5.80000000e+02 1.10066275e-02 5.99765275e-02
  1.11667006e-02 1.58445391e+00]
 [3.00000000e+01 6.00000000e+02 1.10066275e-02 5.77153616e-02
  1.11636611e-02 1.61183526e+00]
 [3.10000000e+01 6.20000000e+02 1.10066275e-02 4.59934494e-02
  1.11625498e-02 1.56847357e+00]
 [3.20000000e+01 6.40000000e+02 1.10066275e-02 3.46484688e-02
  1.11548115e-02 1.56833641e+00]
 [3.30000000e+01 6.60000000e+02 1.10066275e-02 3.88504534e-02
  1.11462523e-02 1.50529707e+00]
 [3.40000000e+01 6.80000000e+02 1.10066275e-02 2.46093430e-02
  1.11334280e-02 1.51888642e+00]
 [3.50000000e+01 7.00000000e+02 1.10066275e-02 3.50636169e-02
  1.11171243e-02 1.51197253e+00]
 [3.60000000e+01 7.20000000e+02 1.09523181e-02 1.79067202e-02
  1.11011966e-02 1.48610399e+00]
 [3.70000000e+01 7.40000000e+02 1.09523181e-02 2.76004693e-02
  1.10848957e-02 1.38477276e+00]
 [3.80000000e+01 7.60000000e+02 1.09465319e-02 2.43874425e-02
  1.10734980e-02 1.36021837e+00]
 [3.90000000e+01 7.80000000e+02 1.09323936e-02 2.42786765e-02
  1.10500072e-02 1.36725898e+00]
 [4.00000000e+01 8.00000000e+02 1.09323936e-02 9.51581512e-03
  1.10425531e-02 1.32763988e+00]
 [4.10000000e+01 8.20000000e+02 1.09323936e-02 1.23354120e-02
  1.10336716e-02 1.33315193e+00]
 [4.20000000e+01 8.40000000e+02 1.09323936e-02 1.89169857e-02
  1.10247549e-02 1.28438198e+00]
 [4.30000000e+01 8.60000000e+02 1.09267226e-02 1.85854446e-02
  1.10111456e-02 1.26494668e+00]
 [4.40000000e+01 8.80000000e+02 1.09267226e-02 1.01638255e-02
  1.10065826e-02 1.26971362e+00]
 [4.50000000e+01 9.00000000e+02 1.09267226e-02 1.45012776e-02
  1.09929482e-02 1.20183215e+00]
 [4.60000000e+01 9.20000000e+02 1.09083000e-02 1.44814737e-02
  1.09787711e-02 1.17895424e+00]
 [4.70000000e+01 9.40000000e+02 1.09034419e-02 4.74469456e-02
  1.09737676e-02 1.21410982e+00]
 [4.80000000e+01 9.60000000e+02 1.08955874e-02 2.77473236e-02
  1.09687998e-02 1.23596306e+00]
 [4.90000000e+01 9.80000000e+02 1.08774401e-02 2.96513580e-02
  1.09555168e-02 1.23989579e+00]
 [5.00000000e+01 1.00000000e+03 1.08774401e-02 3.45689724e-02
  1.09490851e-02 1.29037904e+00]]