[[1.00000000e+00 2.00000000e+01 6.48433638e-03 8.45165087e-01
  6.81331755e-01 1.13024495e+04 6.14614839e-01]
 [2.00000000e+00 4.00000000e+01 6.48433638e-03 8.45165087e-01
  6.81331755e-01 1.61199333e+04 5.95024593e-01]
 [3.00000000e+00 6.00000000e+01 6.48433638e-03 8.45165087e-01
  6.81331755e-01 1.03431113e+04 3.78645905e-02]
 [4.00000000e+00 8.00000000e+01 6.48433638e-03 8.45165087e-01
  6.81331755e-01 7.85604455e+03 3.76424377e-02]
 [5.00000000e+00 1.00000000e+02 6.48433638e-03 8.45165087e-01
  6.81331755e-01 1.08984228e+04 1.95220126e-02]
 [6.00000000e+00 1.20000000e+02 6.48433638e-03 8.45165087e-01
  6.81331755e-01 1.08990201e+04 1.37223315e-02]
 [7.00000000e+00 1.40000000e+02 6.48433638e-03 8.45165087e-01
  6.81331755e-01 1.08990201e+04 1.37223315e-02]
 [8.00000000e+00 1.60000000e+02 6.48433638e-03 8.45165087e-01
  6.81331755e-01 1.08990201e+04 1.37223315e-02]
 [9.00000000e+00 1.80000000e+02 6.48433638e-03 8.45165087e-01
  6.81331755e-01 1.08990201e+04 1.37223315e-02]
 [1.00000000e+01 2.00000000e+02 6.44313716e-03 5.94583979e-01
  7.92038567e-01 5.32548947e+03 9.51064463e-03]
 [1.10000000e+01 2.20000000e+02 6.44313716e-03 5.94583979e-01
  7.92038567e-01 5.32548947e+03 9.51064463e-03]
 [1.20000000e+01 2.40000000e+02 6.44313716e-03 5.94583979e-01
  7.92038567e-01 5.32548947e+03 9.51064463e-03]
 [1.30000000e+01 2.60000000e+02 6.44313716e-03 5.94583979e-01
  7.92038567e-01 5.32548947e+03 9.51064463e-03]
 [1.40000000e+01 2.80000000e+02 6.44313716e-03 5.94583979e-01
  7.92038567e-01 5.32548947e+03 9.51064463e-03]
 [1.50000000e+01 3.00000000e+02 6.44313716e-03 5.94583979e-01
  7.92038567e-01 5.32548947e+03 9.51064463e-03]
 [1.60000000e+01 3.20000000e+02 6.44313716e-03 5.94583979e-01
  7.92038567e-01 5.32548947e+03 9.51064463e-03]
 [1.70000000e+01 3.40000000e+02 6.44313716e-03 5.94583979e-01
  7.92038567e-01 5.32548947e+03 9.51064463e-03]
 [1.80000000e+01 3.60000000e+02 6.44313716e-03 5.94583979e-01
  7.92038567e-01 5.32548947e+03 9.51064463e-03]
 [1.90000000e+01 3.80000000e+02 6.44313716e-03 5.94583979e-01
  7.92038567e-01 5.32548947e+03 9.51064463e-03]
 [2.00000000e+01 4.00000000e+02 6.44313716e-03 5.94583979e-01
  7.92038567e-01 5.32548947e+03 9.51064463e-03]
 [2.10000000e+01 4.20000000e+02 6.44313716e-03 5.94583979e-01
  7.92038567e-01 5.32548947e+03 9.51064463e-03]
 [2.20000000e+01 4.40000000e+02 6.44313716e-03 5.94583979e-01
  7.92038567e-01 5.32548947e+03 9.51064463e-03]
 [2.30000000e+01 4.60000000e+02 6.44313716e-03 5.94583979e-01
  7.92038567e-01 5.32548947e+03 9.51064463e-03]
 [2.40000000e+01 4.80000000e+02 6.44313716e-03 5.94583979e-01
  7.92038567e-01 5.32548947e+03 9.51064463e-03]
 [2.50000000e+01 5.00000000e+02 6.44313716e-03 5.94583979e-01
  7.92038567e-01 5.32548947e+03 9.51064463e-03]
 [2.60000000e+01 5.20000000e+02 6.44313716e-03 5.94583979e-01
  7.92038567e-01 5.32548947e+03 9.51064463e-03]
 [2.70000000e+01 5.40000000e+02 6.44313716e-03 5.94583979e-01
  7.92038567e-01 1.00305660e+04 3.99161093e-03]
 [2.80000000e+01 5.60000000e+02 6.44313716e-03 5.94583979e-01
  7.92038567e-01 1.00305660e+04 3.99161093e-03]
 [2.90000000e+01 5.80000000e+02 6.44313716e-03 5.94583979e-01
  7.92038567e-01 1.00305660e+04 3.99161093e-03]
 [3.00000000e+01 6.00000000e+02 6.44313716e-03 5.94583979e-01
  7.92038567e-01 1.00305660e+04 3.99161093e-03]
 [3.10000000e+01 6.20000000e+02 6.44313716e-03 5.94583979e-01
  7.92038567e-01 1.00305660e+04 3.99161093e-03]
 [3.20000000e+01 6.40000000e+02 6.44313716e-03 5.94583979e-01
  7.92038567e-01 1.00305660e+04 3.99161093e-03]
 [3.30000000e+01 6.60000000e+02 6.44313716e-03 5.94583979e-01
  7.92038567e-01 1.00305660e+04 3.99161093e-03]
 [3.40000000e+01 6.80000000e+02 6.44313716e-03 5.94583979e-01
  7.92038567e-01 1.00305660e+04 3.99161093e-03]
 [3.50000000e+01 7.00000000e+02 6.44313716e-03 5.94583979e-01
  7.92038567e-01 1.00305660e+04 3.99161093e-03]
 [3.60000000e+01 7.20000000e+02 6.44313716e-03 5.94583979e-01
  7.92038567e-01 1.00305660e+04 3.99161093e-03]
 [3.70000000e+01 7.40000000e+02 6.44313716e-03 5.94583979e-01
  7.92038567e-01 1.00305660e+04 3.99161093e-03]
 [3.80000000e+01 7.60000000e+02 6.44313716e-03 5.94583979e-01
  7.92038567e-01 1.00305660e+04 3.99161093e-03]
 [3.90000000e+01 7.80000000e+02 6.44313716e-03 5.94583979e-01
  7.92038567e-01 1.00305660e+04 3.99161093e-03]
 [4.00000000e+01 8.00000000e+02 6.44313716e-03 5.94583979e-01
  7.92038567e-01 1.00305660e+04 3.99161093e-03]
 [4.10000000e+01 8.20000000e+02 6.44313716e-03 5.94583979e-01
  7.92038567e-01 1.00305660e+04 3.99161093e-03]
 [4.20000000e+01 8.40000000e+02 6.44313716e-03 5.94583979e-01
  7.92038567e-01 1.00305660e+04 3.99161093e-03]
 [4.30000000e+01 8.60000000e+02 6.44313716e-03 5.94583979e-01
  7.92038567e-01 1.00305660e+04 3.99161093e-03]
 [4.40000000e+01 8.80000000e+02 6.44313716e-03 5.94583979e-01
  7.92038567e-01 1.00305660e+04 3.99161093e-03]
 [4.50000000e+01 9.00000000e+02 6.44313716e-03 5.94583979e-01
  7.92038567e-01 1.00305660e+04 3.99161093e-03]
 [4.60000000e+01 9.20000000e+02 6.44313716e-03 5.94583979e-01
  7.92038567e-01 1.00305660e+04 3.99161093e-03]
 [4.70000000e+01 9.40000000e+02 6.44313716e-03 5.94583979e-01
  7.92038567e-01 1.00305660e+04 3.99161093e-03]
 [4.80000000e+01 9.60000000e+02 6.44313716e-03 5.94583979e-01
  7.92038567e-01 1.00305660e+04 3.99161093e-03]
 [4.90000000e+01 9.80000000e+02 6.44313716e-03 5.94583979e-01
  7.92038567e-01 1.00305660e+04 3.99161093e-03]
 [5.00000000e+01 1.00000000e+03 6.44313716e-03 5.94583979e-01
  7.92038567e-01 1.00305660e+04 3.99161093e-03]]