[[1.00000000e+00 2.00000000e+01 7.68104752e-03 6.98918524e-01
  4.08742092e-01 9.78701258e+03 1.38423629e-01]
 [2.00000000e+00 4.00000000e+01 6.86969836e-03 3.56989127e-01
  6.96413110e-01 6.77304411e+03 1.14307657e-01]
 [3.00000000e+00 6.00000000e+01 6.86969836e-03 3.56989127e-01
  6.96413110e-01 8.61733841e+03 8.73299184e-02]
 [4.00000000e+00 8.00000000e+01 6.79408791e-03 1.94619812e-01
  7.50054224e-01 9.24091527e+03 8.74055289e-02]
 [5.00000000e+00 1.00000000e+02 6.79408791e-03 1.94619812e-01
  7.50054224e-01 9.24091527e+03 8.74055289e-02]
 [6.00000000e+00 1.20000000e+02 6.79408791e-03 1.94619812e-01
  7.50054224e-01 9.24091527e+03 8.74055289e-02]
 [7.00000000e+00 1.40000000e+02 6.79408791e-03 1.94619812e-01
  7.50054224e-01 9.24091527e+03 8.74055289e-02]
 [8.00000000e+00 1.60000000e+02 6.79408791e-03 1.94619812e-01
  7.50054224e-01 9.24091527e+03 8.74055289e-02]
 [9.00000000e+00 1.80000000e+02 6.79408791e-03 1.94619812e-01
  7.50054224e-01 9.24091527e+03 8.74055289e-02]
 [1.00000000e+01 2.00000000e+02 6.79408791e-03 1.94619812e-01
  7.50054224e-01 9.24091527e+03 8.74055289e-02]
 [1.10000000e+01 2.20000000e+02 6.79408791e-03 1.94619812e-01
  7.50054224e-01 9.24091527e+03 8.74055289e-02]
 [1.20000000e+01 2.40000000e+02 6.79408791e-03 1.94619812e-01
  7.50054224e-01 9.24091527e+03 8.74055289e-02]
 [1.30000000e+01 2.60000000e+02 6.65226304e-03 7.37348255e-01
  7.50054224e-01 1.13586991e+04 8.75473537e-02]
 [1.40000000e+01 2.80000000e+02 6.65226304e-03 7.37348255e-01
  7.50054224e-01 1.13586991e+04 8.75473537e-02]
 [1.50000000e+01 3.00000000e+02 6.65226304e-03 7.37348255e-01
  7.50054224e-01 1.13586991e+04 8.75473537e-02]
 [1.60000000e+01 3.20000000e+02 6.65226304e-03 7.37348255e-01
  7.50054224e-01 1.13586991e+04 8.75473537e-02]
 [1.70000000e+01 3.40000000e+02 6.65226304e-03 7.37348255e-01
  7.50054224e-01 7.49335605e+03 4.06719721e-03]
 [1.80000000e+01 3.60000000e+02 6.65226304e-03 7.37348255e-01
  7.50054224e-01 7.49335605e+03 4.06719721e-03]
 [1.90000000e+01 3.80000000e+02 6.48660184e-03 8.21609276e-01
  4.41838063e-01 7.83309473e+03 2.43141560e-03]
 [2.00000000e+01 4.00000000e+02 6.48660184e-03 8.21609276e-01
  4.41838063e-01 7.83309473e+03 2.43141560e-03]
 [2.10000000e+01 4.20000000e+02 6.48660184e-03 8.21609276e-01
  4.41838063e-01 7.83309473e+03 2.43141560e-03]
 [2.20000000e+01 4.40000000e+02 6.48660184e-03 8.21609276e-01
  4.41838063e-01 7.83309473e+03 2.43141560e-03]
 [2.30000000e+01 4.60000000e+02 6.48660184e-03 8.21609276e-01
  4.41838063e-01 7.83309473e+03 2.43141560e-03]
 [2.40000000e+01 4.80000000e+02 6.48660184e-03 8.21609276e-01
  4.41838063e-01 7.83309473e+03 2.43141560e-03]
 [2.50000000e+01 5.00000000e+02 6.40902321e-03 2.42852655e-01
  8.45497860e-01 1.22855126e+04 2.14067202e-03]
 [2.60000000e+01 5.20000000e+02 6.40902321e-03 2.42852655e-01
  8.45497860e-01 1.22855126e+04 2.14067202e-03]
 [2.70000000e+01 5.40000000e+02 6.40902321e-03 2.42852655e-01
  8.45497860e-01 1.22855126e+04 2.14067202e-03]
 [2.80000000e+01 5.60000000e+02 6.40902321e-03 2.42852655e-01
  8.45497860e-01 1.37297752e+04 1.96684216e-03]
 [2.90000000e+01 5.80000000e+02 6.40902321e-03 2.42852655e-01
  8.45497860e-01 1.37297752e+04 1.96684216e-03]
 [3.00000000e+01 6.00000000e+02 6.40902321e-03 2.42852655e-01
  8.45497860e-01 1.37297752e+04 1.96684216e-03]
 [3.10000000e+01 6.20000000e+02 6.40902321e-03 2.42852655e-01
  8.45497860e-01 1.13285574e+04 1.69355686e-03]
 [3.20000000e+01 6.40000000e+02 6.40902321e-03 2.42852655e-01
  8.45497860e-01 1.13285574e+04 1.69355686e-03]
 [3.30000000e+01 6.60000000e+02 6.40902321e-03 2.42852655e-01
  8.45497860e-01 1.13285574e+04 1.69355686e-03]
 [3.40000000e+01 6.80000000e+02 6.40902321e-03 2.42852655e-01
  8.45497860e-01 1.58369852e+04 1.54032585e-03]
 [3.50000000e+01 7.00000000e+02 6.40902321e-03 2.42852655e-01
  8.45497860e-01 1.32409642e+04 1.48979199e-03]
 [3.60000000e+01 7.20000000e+02 6.40902321e-03 2.42852655e-01
  8.45497860e-01 1.32409642e+04 1.48979199e-03]
 [3.70000000e+01 7.40000000e+02 6.40902321e-03 2.42852655e-01
  8.45497860e-01 9.03598291e+03 1.38340033e-03]
 [3.80000000e+01 7.60000000e+02 6.40902321e-03 2.42852655e-01
  8.45497860e-01 6.91289916e+03 1.27202431e-03]
 [3.90000000e+01 7.80000000e+02 6.40902321e-03 2.42852655e-01
  8.45497860e-01 6.91289916e+03 1.27202431e-03]
 [4.00000000e+01 8.00000000e+02 6.40902321e-03 2.42852655e-01
  8.45497860e-01 6.91289916e+03 1.27202431e-03]
 [4.10000000e+01 8.20000000e+02 6.40902321e-03 2.42852655e-01
  8.45497860e-01 6.91289916e+03 1.27202431e-03]
 [4.20000000e+01 8.40000000e+02 6.40902321e-03 2.42852655e-01
  8.45497860e-01 6.91289916e+03 1.27202431e-03]
 [4.30000000e+01 8.60000000e+02 6.40902321e-03 2.42852655e-01
  8.45497860e-01 6.91289916e+03 1.27202431e-03]
 [4.40000000e+01 8.80000000e+02 6.40902321e-03 2.42852655e-01
  8.45497860e-01 6.91289916e+03 1.27202431e-03]
 [4.50000000e+01 9.00000000e+02 6.40902321e-03 2.42852655e-01
  8.45497860e-01 6.91289916e+03 1.27202431e-03]
 [4.60000000e+01 9.20000000e+02 6.40902321e-03 2.42852655e-01
  8.45497860e-01 6.91289916e+03 1.27202431e-03]
 [4.70000000e+01 9.40000000e+02 6.40902321e-03 2.42852655e-01
  8.45497860e-01 6.91289916e+03 1.27202431e-03]
 [4.80000000e+01 9.60000000e+02 6.40902321e-03 2.42852655e-01
  8.45497860e-01 6.91289916e+03 1.27202431e-03]
 [4.90000000e+01 9.80000000e+02 6.40902321e-03 2.42852655e-01
  8.45497860e-01 6.91289916e+03 1.27202431e-03]
 [5.00000000e+01 1.00000000e+03 6.40902321e-03 2.42852655e-01
  8.45497860e-01 6.91289916e+03 1.27202431e-03]]