[[1.00000000e+00 2.00000000e+01 1.23585242e-02 6.93982163e-01
  7.10998806e-01 1.28123662e+04 7.25585656e-03]
 [2.00000000e+00 4.00000000e+01 1.22650781e-02 3.32844435e-01
  7.73162085e-01 1.17143188e+04 7.34930274e-03]
 [3.00000000e+00 6.00000000e+01 1.22650781e-02 3.32844435e-01
  7.73162085e-01 1.17143188e+04 7.34930274e-03]
 [4.00000000e+00 8.00000000e+01 1.22650781e-02 3.32844435e-01
  7.73162085e-01 7.69122268e+03 1.98292761e-03]
 [5.00000000e+00 1.00000000e+02 1.20599127e-02 1.10674322e-01
  9.22786422e-01 7.38057016e+03 1.93542052e-03]
 [6.00000000e+00 1.20000000e+02 1.20154755e-02 1.95800898e-01
  9.91792585e-01 6.16691043e+03 1.97985774e-03]
 [7.00000000e+00 1.40000000e+02 1.19246242e-02 1.95800898e-01
  5.93993722e-01 1.21513892e+04 1.62522227e-03]
 [8.00000000e+00 1.60000000e+02 1.18318410e-02 6.72407377e-01
  1.73866339e-01 1.12440251e+04 1.71800547e-03]
 [9.00000000e+00 1.80000000e+02 1.18318410e-02 6.72407377e-01
  1.73866339e-01 1.12440251e+04 1.71800547e-03]
 [1.00000000e+01 2.00000000e+02 1.18318410e-02 6.72407377e-01
  1.73866339e-01 1.12440251e+04 1.71800547e-03]
 [1.10000000e+01 2.20000000e+02 1.18318410e-02 6.72407377e-01
  1.73866339e-01 1.04691844e+04 1.23362634e-03]
 [1.20000000e+01 2.40000000e+02 1.16824279e-02 5.16541317e-01
  4.20932262e-01 1.15612157e+04 1.38303941e-03]
 [1.30000000e+01 2.60000000e+02 1.16824279e-02 5.16541317e-01
  4.20932262e-01 1.03805726e+04 1.03060076e-03]
 [1.40000000e+01 2.80000000e+02 1.16013530e-02 6.72407377e-01
  1.73866339e-01 5.91943388e+03 1.11167565e-03]
 [1.50000000e+01 3.00000000e+02 1.16013530e-02 6.72407377e-01
  1.73866339e-01 5.91943388e+03 1.11167565e-03]
 [1.60000000e+01 3.20000000e+02 1.16013530e-02 6.72407377e-01
  1.73866339e-01 1.00127162e+04 8.82476299e-04]
 [1.70000000e+01 3.40000000e+02 1.15725679e-02 1.08366743e-01
  7.25399214e-01 9.21573168e+03 9.11261379e-04]
 [1.80000000e+01 3.60000000e+02 1.15256940e-02 1.08366743e-01
  7.25399214e-01 9.97515622e+03 9.58135302e-04]
 [1.90000000e+01 3.80000000e+02 1.15256940e-02 1.08366743e-01
  7.25399214e-01 1.04334502e+04 9.55258643e-04]
 [2.00000000e+01 4.00000000e+02 1.14970879e-02 1.08366743e-01
  7.25399214e-01 1.03862302e+04 9.83864742e-04]
 [2.10000000e+01 4.20000000e+02 1.14799090e-02 1.08366743e-01
  7.25399214e-01 9.72934812e+03 8.75336727e-04]
 [2.20000000e+01 4.40000000e+02 1.13242664e-02 1.08366743e-01
  5.30758909e-01 9.67521280e+03 1.03097938e-03]
 [2.30000000e+01 4.60000000e+02 1.11914765e-02 3.28414046e-01
  9.51642647e-01 7.47853578e+03 1.16376930e-03]
 [2.40000000e+01 4.80000000e+02 1.11914765e-02 3.28414046e-01
  9.51642647e-01 7.95102039e+03 1.01698244e-03]
 [2.50000000e+01 5.00000000e+02 1.11661755e-02 3.28414046e-01
  9.51642647e-01 5.58790262e+03 1.00112475e-03]
 [2.60000000e+01 5.20000000e+02 1.11412058e-02 1.45482785e-01
  8.88391051e-01 5.00833648e+03 1.01077050e-03]
 [2.70000000e+01 5.40000000e+02 1.11412058e-02 1.45482785e-01
  8.88391051e-01 5.00833648e+03 1.01077050e-03]
 [2.80000000e+01 5.60000000e+02 1.11228782e-02 4.40806713e-01
  4.57721793e-01 4.42776253e+03 9.70064105e-04]
 [2.90000000e+01 5.80000000e+02 1.11116083e-02 1.08366743e-01
  5.30758909e-01 4.35454983e+03 9.81334012e-04]
 [3.00000000e+01 6.00000000e+02 1.09785904e-02 4.40806713e-01
  4.57721793e-01 5.74909365e+03 1.11435194e-03]
 [3.10000000e+01 6.20000000e+02 1.09785904e-02 4.40806713e-01
  4.57721793e-01 5.74909365e+03 1.11435194e-03]
 [3.20000000e+01 6.40000000e+02 1.09455675e-02 1.26334491e-01
  3.41291685e-01 3.57122829e+03 1.14737482e-03]
 [3.30000000e+01 6.60000000e+02 1.09455675e-02 1.26334491e-01
  3.41291685e-01 3.57122829e+03 1.14737482e-03]
 [3.40000000e+01 6.80000000e+02 1.09455675e-02 1.26334491e-01
  3.41291685e-01 3.57122829e+03 1.14737482e-03]
 [3.50000000e+01 7.00000000e+02 1.09455675e-02 1.26334491e-01
  3.41291685e-01 3.57122829e+03 1.14737482e-03]
 [3.60000000e+01 7.20000000e+02 1.09455675e-02 1.26334491e-01
  3.41291685e-01 3.57122829e+03 1.14737482e-03]
 [3.70000000e+01 7.40000000e+02 1.09455675e-02 1.26334491e-01
  3.41291685e-01 3.57122829e+03 1.14737482e-03]
 [3.80000000e+01 7.60000000e+02 1.09455675e-02 1.26334491e-01
  3.41291685e-01 3.57122829e+03 1.14737482e-03]
 [3.90000000e+01 7.80000000e+02 1.09455675e-02 1.26334491e-01
  3.41291685e-01 3.57122829e+03 1.14737482e-03]
 [4.00000000e+01 8.00000000e+02 1.09455675e-02 1.26334491e-01
  3.41291685e-01 3.57122829e+03 1.14737482e-03]
 [4.10000000e+01 8.20000000e+02 1.09455675e-02 1.26334491e-01
  3.41291685e-01 3.57122829e+03 1.14737482e-03]
 [4.20000000e+01 8.40000000e+02 1.09455675e-02 1.26334491e-01
  3.41291685e-01 3.57122829e+03 1.14737482e-03]
 [4.30000000e+01 8.60000000e+02 1.09455675e-02 1.26334491e-01
  3.41291685e-01 3.57122829e+03 1.14737482e-03]
 [4.40000000e+01 8.80000000e+02 1.09455675e-02 1.26334491e-01
  3.41291685e-01 3.57122829e+03 1.14737482e-03]
 [4.50000000e+01 9.00000000e+02 1.09429160e-02 1.08366743e-01
  5.30758909e-01 4.51294091e+03 8.16980356e-04]
 [4.60000000e+01 9.20000000e+02 1.09429160e-02 1.08366743e-01
  5.30758909e-01 5.87147583e+03 7.30385741e-04]
 [4.70000000e+01 9.40000000e+02 1.09183690e-02 2.94467584e-01
  9.65702617e-01 5.19796780e+03 6.84652831e-04]
 [4.80000000e+01 9.60000000e+02 1.09183690e-02 2.94467584e-01
  9.65702617e-01 6.75186316e+03 6.08087073e-04]
 [4.90000000e+01 9.80000000e+02 1.09183690e-02 2.94467584e-01
  9.65702617e-01 4.18243558e+03 5.64622169e-04]
 [5.00000000e+01 1.00000000e+03 1.09183690e-02 2.94467584e-01
  9.65702617e-01 4.18243558e+03 5.64622169e-04]]