[[1.00000000e+00 2.00000000e+01 1.18306869e-02 6.93982163e-01
  7.10998806e-01 1.22006557e+04 5.07619684e-01]
 [2.00000000e+00 4.00000000e+01 1.18306869e-02 6.93982163e-01
  7.10998806e-01 1.14609363e+04 5.06702628e-01]
 [3.00000000e+00 6.00000000e+01 1.18306869e-02 6.93982163e-01
  7.10998806e-01 9.66602963e+03 3.10250650e-03]
 [4.00000000e+00 8.00000000e+01 1.17476564e-02 3.92612194e-01
  9.51642647e-01 7.57468436e+03 2.17009309e-03]
 [5.00000000e+00 1.00000000e+02 1.17476564e-02 3.92612194e-01
  9.51642647e-01 4.10846842e+03 1.77591304e-03]
 [6.00000000e+00 1.20000000e+02 1.17476564e-02 3.92612194e-01
  9.51642647e-01 3.57145075e+03 1.42981012e-03]
 [7.00000000e+00 1.40000000e+02 1.17476564e-02 3.92612194e-01
  9.51642647e-01 3.57145075e+03 1.42981012e-03]
 [8.00000000e+00 1.60000000e+02 1.17476564e-02 3.92612194e-01
  9.51642647e-01 3.57145075e+03 1.42981012e-03]
 [9.00000000e+00 1.80000000e+02 1.17476564e-02 3.92612194e-01
  9.51642647e-01 3.57145075e+03 1.42981012e-03]
 [1.00000000e+01 2.00000000e+02 1.16725821e-02 3.29309456e-01
  4.32610088e-01 8.52013852e+03 1.50488443e-03]
 [1.10000000e+01 2.20000000e+02 1.16582024e-02 5.16541317e-01
  7.10998806e-01 6.68855900e+03 8.26003373e-04]
 [1.20000000e+01 2.40000000e+02 1.16582024e-02 5.16541317e-01
  7.10998806e-01 6.68855900e+03 8.26003373e-04]
 [1.30000000e+01 2.60000000e+02 1.16582024e-02 5.16541317e-01
  7.10998806e-01 4.06596671e+03 7.59876518e-04]
 [1.40000000e+01 2.80000000e+02 1.16582024e-02 5.16541317e-01
  7.10998806e-01 4.06596671e+03 7.59876518e-04]
 [1.50000000e+01 3.00000000e+02 1.16582024e-02 5.16541317e-01
  7.10998806e-01 4.06596671e+03 7.59876518e-04]
 [1.60000000e+01 3.20000000e+02 1.16582024e-02 5.16541317e-01
  7.10998806e-01 3.14661162e+03 7.11346703e-04]
 [1.70000000e+01 3.40000000e+02 1.16582024e-02 5.16541317e-01
  7.10998806e-01 3.28124993e+03 5.72981938e-04]
 [1.80000000e+01 3.60000000e+02 1.16244607e-02 4.40806713e-01
  4.57721793e-01 6.59290479e+03 6.06723633e-04]
 [1.90000000e+01 3.80000000e+02 1.16244607e-02 4.40806713e-01
  4.57721793e-01 5.05761657e+03 5.93357213e-04]
 [2.00000000e+01 4.00000000e+02 1.16244607e-02 4.40806713e-01
  4.57721793e-01 5.05761657e+03 5.93357213e-04]
 [2.10000000e+01 4.20000000e+02 1.15409586e-02 5.20955867e-01
  2.52774395e-01 8.22935779e+03 6.51038935e-04]
 [2.20000000e+01 4.40000000e+02 1.15409586e-02 5.20955867e-01
  2.52774395e-01 6.55887722e+03 6.00601750e-04]
 [2.30000000e+01 4.60000000e+02 1.14918173e-02 5.32752167e-01
  7.86580372e-01 6.99906236e+03 6.49743109e-04]
 [2.40000000e+01 4.80000000e+02 1.14918173e-02 5.32752167e-01
  7.86580372e-01 6.99906236e+03 6.49743109e-04]
 [2.50000000e+01 5.00000000e+02 1.14918173e-02 5.32752167e-01
  7.86580372e-01 6.99906236e+03 6.49743109e-04]
 [2.60000000e+01 5.20000000e+02 1.12721879e-02 8.78555212e-01
  7.41635186e-01 7.14191809e+03 8.69372518e-04]
 [2.70000000e+01 5.40000000e+02 1.12721879e-02 8.78555212e-01
  7.41635186e-01 7.14191809e+03 8.69372518e-04]
 [2.80000000e+01 5.60000000e+02 1.12721879e-02 8.78555212e-01
  7.41635186e-01 6.77810352e+03 7.93231280e-04]
 [2.90000000e+01 5.80000000e+02 1.12721879e-02 8.78555212e-01
  7.41635186e-01 6.77810352e+03 7.93231280e-04]
 [3.00000000e+01 6.00000000e+02 1.12721879e-02 8.78555212e-01
  7.41635186e-01 6.77810352e+03 7.93231280e-04]
 [3.10000000e+01 6.20000000e+02 1.12721879e-02 8.78555212e-01
  7.41635186e-01 6.77810352e+03 7.93231280e-04]
 [3.20000000e+01 6.40000000e+02 1.12721879e-02 8.78555212e-01
  7.41635186e-01 6.77810352e+03 7.93231280e-04]
 [3.30000000e+01 6.60000000e+02 1.12721879e-02 8.78555212e-01
  7.41635186e-01 6.77810352e+03 7.93231280e-04]
 [3.40000000e+01 6.80000000e+02 1.12721879e-02 8.78555212e-01
  7.41635186e-01 6.77810352e+03 7.93231280e-04]
 [3.50000000e+01 7.00000000e+02 1.12721879e-02 8.78555212e-01
  7.41635186e-01 6.77810352e+03 7.93231280e-04]
 [3.60000000e+01 7.20000000e+02 1.12721879e-02 8.78555212e-01
  7.41635186e-01 6.77810352e+03 7.93231280e-04]
 [3.70000000e+01 7.40000000e+02 1.11835873e-02 7.72636092e-01
  3.88368363e-01 1.00116850e+04 8.09883834e-04]
 [3.80000000e+01 7.60000000e+02 1.11835873e-02 7.72636092e-01
  3.88368363e-01 1.00116850e+04 8.09883834e-04]
 [3.90000000e+01 7.80000000e+02 1.11835873e-02 7.72636092e-01
  3.88368363e-01 1.00109077e+04 8.09883834e-04]
 [4.00000000e+01 8.00000000e+02 1.11835873e-02 7.72636092e-01
  3.88368363e-01 1.00100013e+04 8.09883834e-04]
 [4.10000000e+01 8.20000000e+02 1.11835873e-02 7.72636092e-01
  3.88368363e-01 1.00084151e+04 7.02770880e-04]
 [4.20000000e+01 8.40000000e+02 1.11835873e-02 7.72636092e-01
  3.88368363e-01 9.95739050e+03 7.02770880e-04]
 [4.30000000e+01 8.60000000e+02 1.11835873e-02 7.72636092e-01
  3.88368363e-01 9.95724980e+03 7.02770880e-04]
 [4.40000000e+01 8.80000000e+02 1.11835873e-02 7.72636092e-01
  3.88368363e-01 9.95724980e+03 7.02770880e-04]
 [4.50000000e+01 9.00000000e+02 1.11493756e-02 5.32752167e-01
  3.27406055e-01 9.86340271e+03 7.36982599e-04]
 [4.60000000e+01 9.20000000e+02 1.11493756e-02 5.32752167e-01
  3.27406055e-01 9.86340271e+03 7.36982599e-04]
 [4.70000000e+01 9.40000000e+02 1.11493756e-02 5.32752167e-01
  3.27406055e-01 9.86340271e+03 7.36982599e-04]
 [4.80000000e+01 9.60000000e+02 1.11493756e-02 5.32752167e-01
  3.27406055e-01 9.86340271e+03 7.36982599e-04]
 [4.90000000e+01 9.80000000e+02 1.11493756e-02 5.32752167e-01
  3.27406055e-01 9.86340271e+03 7.36982599e-04]
 [5.00000000e+01 1.00000000e+03 1.11493756e-02 5.32752167e-01
  3.27406055e-01 9.86340271e+03 7.36982599e-04]]