[[1.00000000e+00 2.00000000e+01 7.60413889e-03 2.17377643e-01
  5.45049305e-02 2.46877675e+00]
 [2.00000000e+00 4.00000000e+01 6.74631489e-03 1.89641727e-01
  1.75333022e-02 2.06073874e+00]
 [3.00000000e+00 6.00000000e+01 6.42513865e-03 1.24125128e-01
  1.29349300e-02 1.80058956e+00]
 [4.00000000e+00 8.00000000e+01 6.42513865e-03 1.10229424e-01
  1.08994790e-02 1.71168115e+00]
 [5.00000000e+00 1.00000000e+02 6.42513865e-03 1.10051882e-01
  8.95170393e-03 1.60528049e+00]
 [6.00000000e+00 1.20000000e+02 6.38108253e-03 1.24768242e-01
  7.36584419e-03 1.56302512e+00]
 [7.00000000e+00 1.40000000e+02 6.38108253e-03 8.24616474e-02
  7.10623059e-03 1.45420805e+00]
 [8.00000000e+00 1.60000000e+02 6.38108253e-03 6.77730878e-02
  7.01113521e-03 1.15633027e+00]
 [9.00000000e+00 1.80000000e+02 6.38108253e-03 7.29961699e-02
  6.76509563e-03 1.05392308e+00]
 [1.00000000e+01 2.00000000e+02 6.38108253e-03 4.24128305e-02
  6.74053651e-03 1.10270977e+00]
 [1.10000000e+01 2.20000000e+02 6.38108253e-03 5.93120653e-02
  6.73291721e-03 1.06449726e+00]
 [1.20000000e+01 2.40000000e+02 6.38108253e-03 4.89670233e-02
  6.69686790e-03 9.66902891e-01]
 [1.30000000e+01 2.60000000e+02 6.38108253e-03 3.96891893e-02
  6.64123744e-03 8.69211607e-01]
 [1.40000000e+01 2.80000000e+02 6.35246465e-03 4.36552588e-02
  6.61200658e-03 7.84100775e-01]
 [1.50000000e+01 3.00000000e+02 6.35246465e-03 2.96988372e-02
  6.56700330e-03 7.83251361e-01]
 [1.60000000e+01 3.20000000e+02 6.35246465e-03 3.23976026e-02
  6.56466321e-03 7.38499478e-01]
 [1.70000000e+01 3.40000000e+02 6.35246465e-03 4.14356221e-02
  6.55873602e-03 6.78986909e-01]
 [1.80000000e+01 3.60000000e+02 6.35246465e-03 2.95641617e-02
  6.55391863e-03 6.99510729e-01]
 [1.90000000e+01 3.80000000e+02 6.35246465e-03 3.55414444e-02
  6.55345788e-03 7.68002886e-01]
 [2.00000000e+01 4.00000000e+02 6.35246465e-03 3.53037406e-02
  6.55345788e-03 6.88287217e-01]
 [2.10000000e+01 4.20000000e+02 6.35246465e-03 2.88200816e-02
  6.54189785e-03 7.16505670e-01]
 [2.20000000e+01 4.40000000e+02 6.35246465e-03 3.32764705e-02
  6.53872392e-03 6.85721448e-01]
 [2.30000000e+01 4.60000000e+02 6.35246465e-03 2.37255589e-02
  6.53543302e-03 6.33009745e-01]
 [2.40000000e+01 4.80000000e+02 6.35246465e-03 3.65639310e-02
  6.52558417e-03 5.77304031e-01]
 [2.50000000e+01 5.00000000e+02 6.35246465e-03 2.42714165e-02
  6.52558417e-03 5.96291675e-01]
 [2.60000000e+01 5.20000000e+02 6.35246465e-03 2.73059660e-02
  6.52409260e-03 6.25167776e-01]
 [2.70000000e+01 5.40000000e+02 6.35246465e-03 2.78400658e-02
  6.52409260e-03 6.03531759e-01]
 [2.80000000e+01 5.60000000e+02 6.34930453e-03 4.58252725e-02
  6.49697244e-03 6.29274827e-01]
 [2.90000000e+01 5.80000000e+02 6.34930453e-03 4.24224440e-02
  6.49406832e-03 6.30634053e-01]
 [3.00000000e+01 6.00000000e+02 6.34930453e-03 4.28476275e-02
  6.49219720e-03 5.78574661e-01]
 [3.10000000e+01 6.20000000e+02 6.34930453e-03 4.48248330e-02
  6.48512273e-03 5.77156415e-01]
 [3.20000000e+01 6.40000000e+02 6.34930453e-03 3.20489851e-02
  6.48512273e-03 6.33714173e-01]
 [3.30000000e+01 6.60000000e+02 6.34930453e-03 4.27813534e-02
  6.47206668e-03 6.01287336e-01]
 [3.40000000e+01 6.80000000e+02 6.34930453e-03 4.03284377e-02
  6.47206668e-03 6.55741482e-01]
 [3.50000000e+01 7.00000000e+02 6.34930453e-03 4.07469539e-02
  6.47191461e-03 6.35149539e-01]
 [3.60000000e+01 7.20000000e+02 6.34930453e-03 3.94888948e-02
  6.46720514e-03 6.15484590e-01]
 [3.70000000e+01 7.40000000e+02 6.34930453e-03 4.23025808e-02
  6.46720514e-03 5.69364518e-01]
 [3.80000000e+01 7.60000000e+02 6.34930453e-03 4.23061911e-02
  6.46676344e-03 5.82255117e-01]
 [3.90000000e+01 7.80000000e+02 6.34930453e-03 3.49841840e-02
  6.46676344e-03 6.26166924e-01]
 [4.00000000e+01 8.00000000e+02 6.34930453e-03 5.02223596e-02
  6.46676344e-03 6.05253244e-01]
 [4.10000000e+01 8.20000000e+02 6.34930453e-03 3.41012793e-02
  6.46676344e-03 6.06597544e-01]
 [4.20000000e+01 8.40000000e+02 6.34930453e-03 3.41937293e-02
  6.46676344e-03 5.53759792e-01]
 [4.30000000e+01 8.60000000e+02 6.34930453e-03 4.17183118e-02
  6.46676344e-03 5.50055941e-01]
 [4.40000000e+01 8.80000000e+02 6.34930453e-03 3.17442029e-02
  6.46676344e-03 5.41164651e-01]
 [4.50000000e+01 9.00000000e+02 6.34930453e-03 2.14868333e-02
  6.46676344e-03 5.23161849e-01]
 [4.60000000e+01 9.20000000e+02 6.34930453e-03 3.55806172e-02
  6.46676344e-03 4.92550400e-01]
 [4.70000000e+01 9.40000000e+02 6.34930453e-03 3.87338036e-02
  6.46676344e-03 5.46507492e-01]
 [4.80000000e+01 9.60000000e+02 6.34930453e-03 2.88049019e-02
  6.46676344e-03 6.00279250e-01]
 [4.90000000e+01 9.80000000e+02 6.34930453e-03 3.35266339e-02
  6.46653626e-03 5.88350160e-01]
 [5.00000000e+01 1.00000000e+03 6.34930453e-03 3.70826116e-02
  6.46653626e-03 5.47084022e-01]]