[[1.00000000e+00 2.00000000e+01 1.08483706e-02 1.91668192e-01
  3.74129608e-01 4.81400429e+03 2.68125843e-03]
 [2.00000000e+00 4.00000000e+01 1.08483706e-02 1.91668192e-01
  3.74129608e-01 1.03614757e+04 1.64731083e-03]
 [3.00000000e+00 6.00000000e+01 1.08483706e-02 1.91668192e-01
  3.74129608e-01 7.42469382e+03 1.59497429e-03]
 [4.00000000e+00 8.00000000e+01 1.08483706e-02 1.91668192e-01
  3.74129608e-01 6.62584384e+03 1.04539689e-03]
 [5.00000000e+00 1.00000000e+02 1.07604969e-02 1.49546180e-01
  7.89222875e-01 8.38354268e+03 7.88446094e-04]
 [6.00000000e+00 1.20000000e+02 1.07604969e-02 1.49546180e-01
  7.89222875e-01 8.38354268e+03 7.88446094e-04]
 [7.00000000e+00 1.40000000e+02 1.07604969e-02 1.49546180e-01
  7.89222875e-01 8.38354268e+03 7.88446094e-04]
 [8.00000000e+00 1.60000000e+02 1.07604969e-02 1.49546180e-01
  7.89222875e-01 8.38354268e+03 7.88446094e-04]
 [9.00000000e+00 1.80000000e+02 1.07604969e-02 1.49546180e-01
  7.89222875e-01 8.38354268e+03 7.88446094e-04]
 [1.00000000e+01 2.00000000e+02 1.07604969e-02 1.49546180e-01
  7.89222875e-01 8.38354268e+03 7.88446094e-04]
 [1.10000000e+01 2.20000000e+02 1.07604969e-02 1.49546180e-01
  7.89222875e-01 8.10654076e+03 6.30683271e-04]
 [1.20000000e+01 2.40000000e+02 1.07604969e-02 1.49546180e-01
  7.89222875e-01 8.10654076e+03 6.30683271e-04]
 [1.30000000e+01 2.60000000e+02 1.07604969e-02 1.49546180e-01
  7.89222875e-01 8.10654076e+03 6.30683271e-04]
 [1.40000000e+01 2.80000000e+02 1.07604969e-02 1.49546180e-01
  7.89222875e-01 8.10654076e+03 6.30683271e-04]
 [1.50000000e+01 3.00000000e+02 1.07604969e-02 1.49546180e-01
  7.89222875e-01 6.25158703e+03 4.77777856e-04]
 [1.60000000e+01 3.20000000e+02 1.07604969e-02 1.49546180e-01
  7.89222875e-01 6.25158703e+03 4.77777856e-04]
 [1.70000000e+01 3.40000000e+02 1.07604969e-02 1.49546180e-01
  7.89222875e-01 6.25158703e+03 4.77777856e-04]
 [1.80000000e+01 3.60000000e+02 1.07604969e-02 1.49546180e-01
  7.89222875e-01 6.51523451e+03 4.71810137e-04]
 [1.90000000e+01 3.80000000e+02 1.07604969e-02 1.49546180e-01
  7.89222875e-01 6.51523451e+03 4.71810137e-04]
 [2.00000000e+01 4.00000000e+02 1.07604969e-02 1.49546180e-01
  7.89222875e-01 5.36231719e+03 4.55442654e-04]
 [2.10000000e+01 4.20000000e+02 1.07604969e-02 1.49546180e-01
  7.89222875e-01 5.36231719e+03 4.55442654e-04]
 [2.20000000e+01 4.40000000e+02 1.07604969e-02 1.49546180e-01
  7.89222875e-01 5.36231719e+03 4.55442654e-04]
 [2.30000000e+01 4.60000000e+02 1.07604969e-02 1.49546180e-01
  7.89222875e-01 5.36231719e+03 4.55442654e-04]
 [2.40000000e+01 4.80000000e+02 1.07604969e-02 1.49546180e-01
  7.89222875e-01 5.36231719e+03 4.55442654e-04]
 [2.50000000e+01 5.00000000e+02 1.07604969e-02 1.49546180e-01
  7.89222875e-01 5.36231719e+03 4.55442654e-04]
 [2.60000000e+01 5.20000000e+02 1.07604969e-02 1.49546180e-01
  7.89222875e-01 5.36231719e+03 4.55442654e-04]
 [2.70000000e+01 5.40000000e+02 1.07604969e-02 1.49546180e-01
  7.89222875e-01 5.36231719e+03 4.55442654e-04]
 [2.80000000e+01 5.60000000e+02 1.07604969e-02 1.49546180e-01
  7.89222875e-01 5.36231719e+03 4.55442654e-04]
 [2.90000000e+01 5.80000000e+02 1.07604969e-02 1.49546180e-01
  7.89222875e-01 5.36231719e+03 4.55442654e-04]
 [3.00000000e+01 6.00000000e+02 1.07604969e-02 1.49546180e-01
  7.89222875e-01 5.36231719e+03 4.55442654e-04]]