[[1.00000000e+00 2.00000000e+01 1.08483706e-02 4.47553277e-01
  7.89423696e-01 7.32357322e+03 1.45427583e-03]
 [2.00000000e+00 4.00000000e+01 1.08428093e-02 2.40122930e-01
  3.30245347e-01 7.75097568e+03 1.45983720e-03]
 [3.00000000e+00 6.00000000e+01 1.08428093e-02 2.40122930e-01
  3.30245347e-01 6.86019140e+03 1.42960104e-03]
 [4.00000000e+00 8.00000000e+01 1.08428093e-02 2.40122930e-01
  3.30245347e-01 6.86019140e+03 1.42960104e-03]
 [5.00000000e+00 1.00000000e+02 1.08428093e-02 2.40122930e-01
  3.30245347e-01 6.86019140e+03 1.42960104e-03]
 [6.00000000e+00 1.20000000e+02 1.08428093e-02 2.40122930e-01
  3.30245347e-01 6.86019140e+03 1.42960104e-03]
 [7.00000000e+00 1.40000000e+02 1.08428093e-02 2.40122930e-01
  3.30245347e-01 2.40571714e+03 1.28041643e-03]
 [8.00000000e+00 1.60000000e+02 1.08428093e-02 2.40122930e-01
  3.30245347e-01 5.86823617e+03 9.80362403e-04]
 [9.00000000e+00 1.80000000e+02 1.08428093e-02 2.40122930e-01
  3.30245347e-01 5.86823617e+03 9.80362403e-04]
 [1.00000000e+01 2.00000000e+02 1.08428093e-02 2.40122930e-01
  3.30245347e-01 5.86823617e+03 9.80362403e-04]
 [1.10000000e+01 2.20000000e+02 1.08377868e-02 1.30644303e-01
  2.32983702e-01 4.59614850e+03 9.85384816e-04]
 [1.20000000e+01 2.40000000e+02 1.08377868e-02 1.30644303e-01
  2.32983702e-01 4.59614850e+03 9.85384816e-04]
 [1.30000000e+01 2.60000000e+02 1.08377868e-02 1.30644303e-01
  2.32983702e-01 4.59614850e+03 9.85384816e-04]
 [1.40000000e+01 2.80000000e+02 1.08377868e-02 1.30644303e-01
  2.32983702e-01 4.59614850e+03 9.85384816e-04]
 [1.50000000e+01 3.00000000e+02 1.08377868e-02 1.30644303e-01
  2.32983702e-01 8.49539318e+03 4.31639159e-04]
 [1.60000000e+01 3.20000000e+02 1.08377868e-02 1.30644303e-01
  2.32983702e-01 9.40864282e+03 4.07065065e-04]
 [1.70000000e+01 3.40000000e+02 1.07964571e-02 2.44602226e-01
  6.35230044e-01 1.03096214e+04 4.48394774e-04]
 [1.80000000e+01 3.60000000e+02 1.07964571e-02 2.44602226e-01
  6.35230044e-01 1.03096214e+04 4.48394774e-04]
 [1.90000000e+01 3.80000000e+02 1.07964571e-02 2.44602226e-01
  6.35230044e-01 1.03096214e+04 4.48394774e-04]
 [2.00000000e+01 4.00000000e+02 1.07531983e-02 6.70938828e-01
  7.39258120e-01 9.13076132e+03 4.91653567e-04]
 [2.10000000e+01 4.20000000e+02 1.07531983e-02 6.70938828e-01
  7.39258120e-01 9.13076132e+03 4.91653567e-04]
 [2.20000000e+01 4.40000000e+02 1.07531983e-02 6.70938828e-01
  7.39258120e-01 5.72117769e+03 4.36482587e-04]
 [2.30000000e+01 4.60000000e+02 1.07531983e-02 6.70938828e-01
  7.39258120e-01 5.72117769e+03 4.36482587e-04]
 [2.40000000e+01 4.80000000e+02 1.07531983e-02 6.70938828e-01
  7.39258120e-01 5.72117769e+03 4.36482587e-04]
 [2.50000000e+01 5.00000000e+02 1.07531983e-02 6.70938828e-01
  7.39258120e-01 5.72117769e+03 4.36482587e-04]
 [2.60000000e+01 5.20000000e+02 1.07531983e-02 6.70938828e-01
  7.39258120e-01 5.67868673e+03 3.90262396e-04]
 [2.70000000e+01 5.40000000e+02 1.07531983e-02 6.70938828e-01
  7.39258120e-01 5.67868673e+03 3.90262396e-04]
 [2.80000000e+01 5.60000000e+02 1.07531983e-02 6.70938828e-01
  7.39258120e-01 5.67868673e+03 3.90262396e-04]
 [2.90000000e+01 5.80000000e+02 1.07531983e-02 6.70938828e-01
  7.39258120e-01 7.98294463e+03 3.51743546e-04]
 [3.00000000e+01 6.00000000e+02 1.07531983e-02 6.70938828e-01
  7.39258120e-01 7.98294463e+03 3.51743546e-04]]