[[1.00000000e+00 2.00000000e+01 1.08483706e-02 9.30764911e-01
  5.26065578e-01 1.10559464e+04 9.89151629e-01]
 [2.00000000e+00 4.00000000e+01 1.08483706e-02 9.30764911e-01
  5.26065578e-01 9.03238316e+03 2.27010822e-03]
 [3.00000000e+00 6.00000000e+01 1.08483706e-02 9.30764911e-01
  5.26065578e-01 1.33489522e+04 2.11770168e-03]
 [4.00000000e+00 8.00000000e+01 1.08483706e-02 9.30764911e-01
  5.26065578e-01 1.39657722e+04 1.61295522e-03]
 [5.00000000e+00 1.00000000e+02 1.08483706e-02 9.30764911e-01
  5.26065578e-01 1.39657722e+04 1.61295522e-03]
 [6.00000000e+00 1.20000000e+02 1.08483706e-02 9.30764911e-01
  5.26065578e-01 1.39657722e+04 1.61295522e-03]
 [7.00000000e+00 1.40000000e+02 1.08483706e-02 9.30764911e-01
  5.26065578e-01 1.22961590e+04 1.59601222e-03]
 [8.00000000e+00 1.60000000e+02 1.08483706e-02 9.30764911e-01
  5.26065578e-01 9.11591032e+03 1.25890907e-03]
 [9.00000000e+00 1.80000000e+02 1.08483706e-02 9.30764911e-01
  5.26065578e-01 9.11591032e+03 1.25890907e-03]
 [1.00000000e+01 2.00000000e+02 1.08483706e-02 9.30764911e-01
  5.26065578e-01 9.11591032e+03 1.25890907e-03]
 [1.10000000e+01 2.20000000e+02 1.08483706e-02 9.30764911e-01
  5.26065578e-01 9.11591032e+03 1.25890907e-03]
 [1.20000000e+01 2.40000000e+02 1.08483706e-02 9.30764911e-01
  5.26065578e-01 9.53925481e+03 1.24080917e-03]
 [1.30000000e+01 2.60000000e+02 1.08483706e-02 9.30764911e-01
  5.26065578e-01 9.53925481e+03 1.24080917e-03]
 [1.40000000e+01 2.80000000e+02 1.08052797e-02 1.39676741e-01
  5.31405455e-02 8.02610362e+03 1.28390008e-03]
 [1.50000000e+01 3.00000000e+02 1.08052797e-02 1.39676741e-01
  5.31405455e-02 8.02610362e+03 1.28390008e-03]
 [1.60000000e+01 3.20000000e+02 1.08052797e-02 1.39676741e-01
  5.31405455e-02 8.02615177e+03 1.28390008e-03]
 [1.70000000e+01 3.40000000e+02 1.08052797e-02 1.39676741e-01
  5.31405455e-02 7.58675303e+03 1.28390008e-03]
 [1.80000000e+01 3.60000000e+02 1.08052797e-02 1.39676741e-01
  5.31405455e-02 7.58675303e+03 1.28390008e-03]
 [1.90000000e+01 3.80000000e+02 1.08052797e-02 1.39676741e-01
  5.31405455e-02 7.58675303e+03 1.28390008e-03]
 [2.00000000e+01 4.00000000e+02 1.07658005e-02 1.58650767e-01
  7.42193646e-01 7.21543300e+03 1.32337926e-03]
 [2.10000000e+01 4.20000000e+02 1.07586034e-02 2.89088652e-01
  7.16010266e-01 8.10169224e+03 1.33057643e-03]
 [2.20000000e+01 4.40000000e+02 1.07586034e-02 2.89088652e-01
  7.16010266e-01 8.10192272e+03 1.26889923e-03]
 [2.30000000e+01 4.60000000e+02 1.07586034e-02 2.89088652e-01
  7.16010266e-01 8.10192272e+03 1.26889923e-03]
 [2.40000000e+01 4.80000000e+02 1.07586034e-02 2.89088652e-01
  7.16010266e-01 8.10192272e+03 1.26889923e-03]
 [2.50000000e+01 5.00000000e+02 1.07586034e-02 2.89088652e-01
  7.16010266e-01 8.10195730e+03 1.26889923e-03]
 [2.60000000e+01 5.20000000e+02 1.07586034e-02 2.89088652e-01
  7.16010266e-01 8.10195730e+03 1.26889923e-03]
 [2.70000000e+01 5.40000000e+02 1.07586034e-02 2.89088652e-01
  7.16010266e-01 7.28193315e+03 1.25152406e-03]
 [2.80000000e+01 5.60000000e+02 1.07586034e-02 2.89088652e-01
  7.16010266e-01 7.27676586e+03 1.11789648e-03]
 [2.90000000e+01 5.80000000e+02 1.07586034e-02 2.89088652e-01
  7.16010266e-01 7.27676586e+03 1.11789648e-03]
 [3.00000000e+01 6.00000000e+02 1.07586034e-02 2.89088652e-01
  7.16010266e-01 7.27676586e+03 1.11789648e-03]]