[[1.00000000e+00 2.00000000e+01 1.08483706e-02 1.87718623e-01
  6.46414039e-01 7.42352759e+03 2.08444109e-03]
 [2.00000000e+00 4.00000000e+01 1.08483706e-02 1.87718623e-01
  6.46414039e-01 7.42352759e+03 2.08444109e-03]
 [3.00000000e+00 6.00000000e+01 1.08483706e-02 1.87718623e-01
  6.46414039e-01 5.31857136e+03 1.92068797e-03]
 [4.00000000e+00 8.00000000e+01 1.08423405e-02 2.72211894e-01
  6.37104869e-01 7.07403502e+03 1.92671807e-03]
 [5.00000000e+00 1.00000000e+02 1.08423405e-02 2.72211894e-01
  6.37104869e-01 5.09133447e+03 1.12335616e-03]
 [6.00000000e+00 1.20000000e+02 1.08423405e-02 2.72211894e-01
  6.37104869e-01 3.53889745e+03 1.05603493e-03]
 [7.00000000e+00 1.40000000e+02 1.08423405e-02 2.72211894e-01
  6.37104869e-01 3.53889745e+03 1.05603493e-03]
 [8.00000000e+00 1.60000000e+02 1.08423405e-02 2.72211894e-01
  6.37104869e-01 3.53889745e+03 1.05603493e-03]
 [9.00000000e+00 1.80000000e+02 1.08423405e-02 2.72211894e-01
  6.37104869e-01 3.53889745e+03 1.05603493e-03]
 [1.00000000e+01 2.00000000e+02 1.08423405e-02 2.72211894e-01
  6.37104869e-01 3.53823043e+03 9.39760303e-04]
 [1.10000000e+01 2.20000000e+02 1.08423405e-02 2.72211894e-01
  6.37104869e-01 3.53823043e+03 9.39760303e-04]
 [1.20000000e+01 2.40000000e+02 1.07710942e-02 3.56989127e-01
  6.96413110e-01 5.10549306e+03 1.01100665e-03]
 [1.30000000e+01 2.60000000e+02 1.07710942e-02 3.56989127e-01
  6.96413110e-01 5.10549306e+03 1.01100665e-03]
 [1.40000000e+01 2.80000000e+02 1.07710942e-02 3.56989127e-01
  6.96413110e-01 5.10549306e+03 1.01100665e-03]
 [1.50000000e+01 3.00000000e+02 1.07710942e-02 3.56989127e-01
  6.96413110e-01 5.10457268e+03 6.53878237e-04]
 [1.60000000e+01 3.20000000e+02 1.07710942e-02 3.56989127e-01
  6.96413110e-01 5.10457268e+03 6.53878237e-04]
 [1.70000000e+01 3.40000000e+02 1.07710942e-02 3.56989127e-01
  6.96413110e-01 5.10457268e+03 6.53878237e-04]
 [1.80000000e+01 3.60000000e+02 1.07538665e-02 1.94619812e-01
  6.12607071e-01 5.38396776e+03 6.71105962e-04]
 [1.90000000e+01 3.80000000e+02 1.07538665e-02 1.94619812e-01
  6.12607071e-01 5.38396776e+03 6.71105962e-04]
 [2.00000000e+01 4.00000000e+02 1.07466191e-02 1.92602492e-01
  9.28274399e-01 5.55748450e+03 6.78353330e-04]
 [2.10000000e+01 4.20000000e+02 1.07466191e-02 1.92602492e-01
  9.28274399e-01 5.55748450e+03 6.78353330e-04]
 [2.20000000e+01 4.40000000e+02 1.07466191e-02 1.92602492e-01
  9.28274399e-01 5.55748450e+03 6.78353330e-04]
 [2.30000000e+01 4.60000000e+02 1.07466191e-02 1.92602492e-01
  9.28274399e-01 5.55748450e+03 6.78353330e-04]
 [2.40000000e+01 4.80000000e+02 1.07466191e-02 1.92602492e-01
  9.28274399e-01 5.55748450e+03 6.78353330e-04]
 [2.50000000e+01 5.00000000e+02 1.07466191e-02 1.92602492e-01
  9.28274399e-01 5.55748450e+03 6.78353330e-04]
 [2.60000000e+01 5.20000000e+02 1.07466191e-02 1.92602492e-01
  9.28274399e-01 5.55748450e+03 6.78353330e-04]
 [2.70000000e+01 5.40000000e+02 1.07321705e-02 2.26487187e-01
  9.24945135e-01 5.97431545e+03 6.92801951e-04]
 [2.80000000e+01 5.60000000e+02 1.07321705e-02 2.26487187e-01
  9.24945135e-01 5.97431545e+03 6.92801951e-04]
 [2.90000000e+01 5.80000000e+02 1.07321705e-02 2.26487187e-01
  9.24945135e-01 5.97431545e+03 6.92801951e-04]
 [3.00000000e+01 6.00000000e+02 1.07321705e-02 2.26487187e-01
  9.24945135e-01 5.97431545e+03 6.92801951e-04]]