[[1.00000000e+00 2.00000000e+01 1.08483706e-02 6.93982163e-01
  7.10998806e-01 1.04746143e+04 1.71569485e-03]
 [2.00000000e+00 4.00000000e+01 1.08327427e-02 1.10674322e-01
  9.22786422e-01 9.91742080e+03 1.73132279e-03]
 [3.00000000e+00 6.00000000e+01 1.08327427e-02 1.10674322e-01
  9.22786422e-01 9.91742080e+03 1.73132279e-03]
 [4.00000000e+00 8.00000000e+01 1.08327427e-02 1.10674322e-01
  9.22786422e-01 9.91742080e+03 1.73132279e-03]
 [5.00000000e+00 1.00000000e+02 1.08327427e-02 1.10674322e-01
  9.22786422e-01 9.91742080e+03 1.73132279e-03]
 [6.00000000e+00 1.20000000e+02 1.08327427e-02 1.10674322e-01
  9.22786422e-01 7.72064796e+03 7.27472432e-04]
 [7.00000000e+00 1.40000000e+02 1.08327427e-02 1.10674322e-01
  9.22786422e-01 9.98709193e+03 6.49322496e-04]
 [8.00000000e+00 1.60000000e+02 1.08327427e-02 1.10674322e-01
  9.22786422e-01 9.98709193e+03 6.49322496e-04]
 [9.00000000e+00 1.80000000e+02 1.08327427e-02 1.10674322e-01
  9.22786422e-01 9.98709193e+03 6.49322496e-04]
 [1.00000000e+01 2.00000000e+02 1.08327427e-02 1.10674322e-01
  9.22786422e-01 6.73547707e+03 5.22597081e-04]
 [1.10000000e+01 2.20000000e+02 1.08327427e-02 1.10674322e-01
  9.22786422e-01 6.23287967e+03 5.04898080e-04]
 [1.20000000e+01 2.40000000e+02 1.08327427e-02 1.10674322e-01
  9.22786422e-01 6.23287967e+03 5.04898080e-04]
 [1.30000000e+01 2.60000000e+02 1.08327427e-02 1.10674322e-01
  9.22786422e-01 6.89098936e+03 3.39800945e-04]
 [1.40000000e+01 2.80000000e+02 1.07645533e-02 2.94467584e-01
  9.65702617e-01 7.19220747e+03 4.07990369e-04]
 [1.50000000e+01 3.00000000e+02 1.07625222e-02 1.08366743e-01
  3.88609054e-01 6.89895146e+03 4.10021449e-04]
 [1.60000000e+01 3.20000000e+02 1.07625222e-02 1.08366743e-01
  3.88609054e-01 6.89895146e+03 4.10021449e-04]
 [1.70000000e+01 3.40000000e+02 1.07625222e-02 1.08366743e-01
  3.88609054e-01 6.89895146e+03 4.10021449e-04]
 [1.80000000e+01 3.60000000e+02 1.07625222e-02 1.08366743e-01
  3.88609054e-01 6.89913287e+03 3.78262467e-04]
 [1.90000000e+01 3.80000000e+02 1.06979639e-02 3.53151459e-01
  7.73162085e-01 9.48645769e+03 4.42820726e-04]
 [2.00000000e+01 4.00000000e+02 1.06979639e-02 3.53151459e-01
  7.73162085e-01 9.48645769e+03 4.42820726e-04]
 [2.10000000e+01 4.20000000e+02 1.06979639e-02 3.53151459e-01
  7.73162085e-01 9.48645769e+03 4.42820726e-04]
 [2.20000000e+01 4.40000000e+02 1.06979639e-02 3.53151459e-01
  7.73162085e-01 9.48645769e+03 4.42820726e-04]
 [2.30000000e+01 4.60000000e+02 1.06979639e-02 3.53151459e-01
  7.73162085e-01 9.48645769e+03 4.42820726e-04]
 [2.40000000e+01 4.80000000e+02 1.06979639e-02 3.53151459e-01
  7.73162085e-01 9.48645769e+03 4.42820726e-04]
 [2.50000000e+01 5.00000000e+02 1.06979639e-02 3.53151459e-01
  7.73162085e-01 9.48645769e+03 4.42820726e-04]
 [2.60000000e+01 5.20000000e+02 1.06979639e-02 3.53151459e-01
  7.73162085e-01 9.48645769e+03 4.42820726e-04]
 [2.70000000e+01 5.40000000e+02 1.06979639e-02 3.53151459e-01
  7.73162085e-01 9.48645769e+03 4.42820726e-04]
 [2.80000000e+01 5.60000000e+02 1.06979639e-02 3.53151459e-01
  7.73162085e-01 9.48645769e+03 4.42820726e-04]
 [2.90000000e+01 5.80000000e+02 1.06979639e-02 3.53151459e-01
  7.73162085e-01 9.48645769e+03 4.42820726e-04]
 [3.00000000e+01 6.00000000e+02 1.06979639e-02 3.53151459e-01
  7.73162085e-01 9.48645769e+03 4.42820726e-04]]