[[1.00000000e+00 2.00000000e+01 7.82488299e-03 7.18517441e-01
  9.56227395e-01 1.07671409e+04 1.10895798e-01]
 [2.00000000e+00 4.00000000e+01 6.87864529e-03 3.30890560e-01
  3.45851051e-01 9.92746669e+03 6.93772061e-02]
 [3.00000000e+00 6.00000000e+01 6.87864529e-03 3.30890560e-01
  3.45851051e-01 1.10396910e+04 2.55193842e-02]
 [4.00000000e+00 8.00000000e+01 6.84054560e-03 1.49546180e-01
  7.89222875e-01 1.13195974e+04 2.55574839e-02]
 [5.00000000e+00 1.00000000e+02 6.84054560e-03 1.49546180e-01
  7.89222875e-01 1.19850564e+04 1.64399963e-02]
 [6.00000000e+00 1.20000000e+02 6.84054560e-03 1.49546180e-01
  7.89222875e-01 1.06800988e+04 1.59609062e-02]
 [7.00000000e+00 1.40000000e+02 6.71757678e-03 9.33904880e-01
  4.04954577e-01 8.90207592e+03 1.60838750e-02]
 [8.00000000e+00 1.60000000e+02 6.58935306e-03 1.76817873e-01
  8.77821894e-01 9.80196400e+03 1.62120987e-02]
 [9.00000000e+00 1.80000000e+02 6.44739259e-03 3.30890560e-01
  9.65611026e-01 9.61478195e+03 1.63540592e-02]
 [1.00000000e+01 2.00000000e+02 6.44739259e-03 3.30890560e-01
  9.65611026e-01 9.61478195e+03 1.63540592e-02]
 [1.10000000e+01 2.20000000e+02 6.43059460e-03 1.49546180e-01
  7.89222875e-01 9.74358337e+03 1.63708572e-02]
 [1.20000000e+01 2.40000000e+02 6.38645403e-03 6.55737201e-01
  9.65611026e-01 7.22486685e+03 1.64149978e-02]
 [1.30000000e+01 2.60000000e+02 6.38645403e-03 6.55737201e-01
  9.65611026e-01 7.22486685e+03 1.64149978e-02]
 [1.40000000e+01 2.80000000e+02 6.38645403e-03 6.55737201e-01
  9.65611026e-01 7.22486685e+03 1.64149978e-02]
 [1.50000000e+01 3.00000000e+02 6.38645403e-03 6.55737201e-01
  9.65611026e-01 1.08762366e+04 1.12023112e-02]
 [1.60000000e+01 3.20000000e+02 6.38645403e-03 6.55737201e-01
  9.65611026e-01 1.08762366e+04 1.12023112e-02]
 [1.70000000e+01 3.40000000e+02 6.38645403e-03 6.55737201e-01
  9.65611026e-01 1.08762366e+04 1.12023112e-02]
 [1.80000000e+01 3.60000000e+02 6.38645403e-03 6.55737201e-01
  9.65611026e-01 8.91372828e+03 2.62850078e-03]
 [1.90000000e+01 3.80000000e+02 6.38645403e-03 6.55737201e-01
  9.65611026e-01 7.24780892e+03 1.36211854e-03]
 [2.00000000e+01 4.00000000e+02 6.38645403e-03 6.55737201e-01
  9.65611026e-01 7.24780892e+03 1.36211854e-03]
 [2.10000000e+01 4.20000000e+02 6.38645403e-03 6.55737201e-01
  9.65611026e-01 7.24780892e+03 1.36211854e-03]
 [2.20000000e+01 4.40000000e+02 6.38645403e-03 6.55737201e-01
  9.65611026e-01 7.24780892e+03 1.36211854e-03]
 [2.30000000e+01 4.60000000e+02 6.38645403e-03 6.55737201e-01
  9.65611026e-01 7.24780892e+03 1.36211854e-03]
 [2.40000000e+01 4.80000000e+02 6.38645403e-03 6.55737201e-01
  9.65611026e-01 7.24780892e+03 1.36211854e-03]
 [2.50000000e+01 5.00000000e+02 6.38645403e-03 6.55737201e-01
  9.65611026e-01 7.24780892e+03 1.36211854e-03]
 [2.60000000e+01 5.20000000e+02 6.38645403e-03 6.55737201e-01
  9.65611026e-01 7.24780892e+03 1.36211854e-03]
 [2.70000000e+01 5.40000000e+02 6.38645403e-03 6.55737201e-01
  9.65611026e-01 7.24780892e+03 1.36211854e-03]
 [2.80000000e+01 5.60000000e+02 6.38645403e-03 6.55737201e-01
  9.65611026e-01 7.24780892e+03 1.36211854e-03]
 [2.90000000e+01 5.80000000e+02 6.38645403e-03 6.55737201e-01
  9.65611026e-01 7.24780892e+03 1.36211854e-03]
 [3.00000000e+01 6.00000000e+02 6.38645403e-03 6.55737201e-01
  9.65611026e-01 7.57353457e+03 8.32715681e-04]
 [3.10000000e+01 6.20000000e+02 6.38645403e-03 6.55737201e-01
  9.65611026e-01 7.57353457e+03 8.32715681e-04]
 [3.20000000e+01 6.40000000e+02 6.38645403e-03 6.55737201e-01
  9.65611026e-01 7.57353457e+03 8.32715681e-04]
 [3.30000000e+01 6.60000000e+02 6.38645403e-03 6.55737201e-01
  9.65611026e-01 7.57353457e+03 8.32715681e-04]
 [3.40000000e+01 6.80000000e+02 6.38645403e-03 6.55737201e-01
  9.65611026e-01 7.57353457e+03 8.32715681e-04]
 [3.50000000e+01 7.00000000e+02 6.38645403e-03 6.55737201e-01
  9.65611026e-01 7.57353457e+03 8.32715681e-04]
 [3.60000000e+01 7.20000000e+02 6.38645403e-03 6.55737201e-01
  9.65611026e-01 7.57353457e+03 8.32715681e-04]
 [3.70000000e+01 7.40000000e+02 6.38645403e-03 6.55737201e-01
  9.65611026e-01 7.57353457e+03 8.32715681e-04]
 [3.80000000e+01 7.60000000e+02 6.38645403e-03 6.55737201e-01
  9.65611026e-01 7.57353457e+03 8.32715681e-04]
 [3.90000000e+01 7.80000000e+02 6.38645403e-03 6.55737201e-01
  9.65611026e-01 7.57353457e+03 8.32715681e-04]
 [4.00000000e+01 8.00000000e+02 6.38645403e-03 6.55737201e-01
  9.65611026e-01 7.57353457e+03 8.32715681e-04]
 [4.10000000e+01 8.20000000e+02 6.38645403e-03 6.55737201e-01
  9.65611026e-01 7.57353457e+03 8.32715681e-04]
 [4.20000000e+01 8.40000000e+02 6.38645403e-03 6.55737201e-01
  9.65611026e-01 7.57353457e+03 8.32715681e-04]
 [4.30000000e+01 8.60000000e+02 6.38645403e-03 6.55737201e-01
  9.65611026e-01 7.57353457e+03 8.32715681e-04]
 [4.40000000e+01 8.80000000e+02 6.38645403e-03 6.55737201e-01
  9.65611026e-01 7.57353457e+03 8.32715681e-04]
 [4.50000000e+01 9.00000000e+02 6.38645403e-03 6.55737201e-01
  9.65611026e-01 7.57353457e+03 8.32715681e-04]
 [4.60000000e+01 9.20000000e+02 6.38131641e-03 3.01176171e-01
  5.06440952e-01 4.12292022e+03 8.37853301e-04]
 [4.70000000e+01 9.40000000e+02 6.38131641e-03 3.01176171e-01
  5.06440952e-01 4.12292022e+03 8.37853301e-04]
 [4.80000000e+01 9.60000000e+02 6.38131641e-03 3.01176171e-01
  5.06440952e-01 4.12292022e+03 8.37853301e-04]
 [4.90000000e+01 9.80000000e+02 6.38131641e-03 3.01176171e-01
  5.06440952e-01 4.12292022e+03 8.37853301e-04]
 [5.00000000e+01 1.00000000e+03 6.38131641e-03 3.01176171e-01
  5.06440952e-01 4.12292022e+03 8.37853301e-04]]