[[1.00000000e+00 2.00000000e+01 7.60524809e-03 6.67610312e-01
  1.96644685e-01 1.13293328e+04 5.61682554e-01]
 [2.00000000e+00 4.00000000e+01 7.60524809e-03 6.67610312e-01
  1.96644685e-01 1.13293328e+04 5.61682554e-01]
 [3.00000000e+00 6.00000000e+01 7.57791546e-03 8.82460106e-01
  7.44927140e-01 1.08644361e+04 7.25003174e-02]
 [4.00000000e+00 8.00000000e+01 7.22601149e-03 7.80559065e-01
  3.65965982e-01 1.14035871e+04 3.64041329e-02]
 [5.00000000e+00 1.00000000e+02 7.22601149e-03 7.80559065e-01
  3.65965982e-01 1.09017332e+04 2.87135321e-02]
 [6.00000000e+00 1.20000000e+02 6.95654292e-03 8.82460106e-01
  7.44927140e-01 8.36037602e+03 2.76837516e-02]
 [7.00000000e+00 1.40000000e+02 6.95654292e-03 8.82460106e-01
  7.44927140e-01 4.89185933e+03 2.15337473e-02]
 [8.00000000e+00 1.60000000e+02 6.95654292e-03 8.82460106e-01
  7.44927140e-01 4.89185933e+03 2.15337473e-02]
 [9.00000000e+00 1.80000000e+02 6.62203805e-03 6.77435412e-01
  5.06440952e-01 5.29882194e+03 1.85664390e-02]
 [1.00000000e+01 2.00000000e+02 6.62203805e-03 6.77435412e-01
  5.06440952e-01 7.00092399e+03 1.61137891e-02]
 [1.10000000e+01 2.20000000e+02 6.62203805e-03 6.77435412e-01
  5.06440952e-01 5.32067951e+03 1.33015334e-02]
 [1.20000000e+01 2.40000000e+02 6.62203805e-03 6.77435412e-01
  5.06440952e-01 5.32067951e+03 1.33015334e-02]
 [1.30000000e+01 2.60000000e+02 6.62203805e-03 6.77435412e-01
  5.06440952e-01 5.32067951e+03 1.33015334e-02]
 [1.40000000e+01 2.80000000e+02 6.62203805e-03 6.77435412e-01
  5.06440952e-01 5.32067951e+03 1.33015334e-02]
 [1.50000000e+01 3.00000000e+02 6.62203805e-03 6.77435412e-01
  5.06440952e-01 5.32067951e+03 1.33015334e-02]
 [1.60000000e+01 3.20000000e+02 6.62203805e-03 6.77435412e-01
  5.06440952e-01 5.83192131e+03 8.58456695e-03]
 [1.70000000e+01 3.40000000e+02 6.62203805e-03 6.77435412e-01
  5.06440952e-01 5.83192131e+03 8.58456695e-03]
 [1.80000000e+01 3.60000000e+02 6.62203805e-03 6.77435412e-01
  5.06440952e-01 5.83192131e+03 8.58456695e-03]
 [1.90000000e+01 3.80000000e+02 6.62203805e-03 6.77435412e-01
  5.06440952e-01 5.66763568e+03 3.68722539e-03]
 [2.00000000e+01 4.00000000e+02 6.62203805e-03 6.77435412e-01
  5.06440952e-01 5.66763568e+03 3.68722539e-03]
 [2.10000000e+01 4.20000000e+02 6.62203805e-03 6.77435412e-01
  5.06440952e-01 5.66763568e+03 3.68722539e-03]
 [2.20000000e+01 4.40000000e+02 6.62203805e-03 6.77435412e-01
  5.06440952e-01 5.66763568e+03 3.68722539e-03]
 [2.30000000e+01 4.60000000e+02 6.62203805e-03 6.77435412e-01
  5.06440952e-01 8.97630897e+03 3.37802604e-03]
 [2.40000000e+01 4.80000000e+02 6.62203805e-03 6.77435412e-01
  5.06440952e-01 8.97630897e+03 3.37802604e-03]
 [2.50000000e+01 5.00000000e+02 6.62203805e-03 6.77435412e-01
  5.06440952e-01 8.97630897e+03 3.37802604e-03]
 [2.60000000e+01 5.20000000e+02 6.62203805e-03 6.77435412e-01
  5.06440952e-01 8.97630897e+03 3.37802604e-03]
 [2.70000000e+01 5.40000000e+02 6.62203805e-03 6.77435412e-01
  5.06440952e-01 8.97630897e+03 3.37802604e-03]
 [2.80000000e+01 5.60000000e+02 6.62203805e-03 6.77435412e-01
  5.06440952e-01 8.97630897e+03 3.37802604e-03]
 [2.90000000e+01 5.80000000e+02 6.62203805e-03 6.77435412e-01
  5.06440952e-01 8.97630897e+03 3.37802604e-03]
 [3.00000000e+01 6.00000000e+02 6.62203805e-03 6.77435412e-01
  5.06440952e-01 8.97630897e+03 3.37802604e-03]
 [3.10000000e+01 6.20000000e+02 6.62203805e-03 6.77435412e-01
  5.06440952e-01 8.97630897e+03 3.37802604e-03]
 [3.20000000e+01 6.40000000e+02 6.62203805e-03 6.77435412e-01
  5.06440952e-01 8.97630897e+03 3.37802604e-03]
 [3.30000000e+01 6.60000000e+02 6.62203805e-03 6.77435412e-01
  5.06440952e-01 8.97630897e+03 3.37802604e-03]
 [3.40000000e+01 6.80000000e+02 6.62203805e-03 6.77435412e-01
  5.06440952e-01 8.97630897e+03 3.37802604e-03]
 [3.50000000e+01 7.00000000e+02 6.62203805e-03 6.77435412e-01
  5.06440952e-01 8.97630897e+03 3.37802604e-03]
 [3.60000000e+01 7.20000000e+02 6.62203805e-03 6.77435412e-01
  5.06440952e-01 8.97630897e+03 3.37802604e-03]
 [3.70000000e+01 7.40000000e+02 6.62203805e-03 6.77435412e-01
  5.06440952e-01 8.97630897e+03 3.37802604e-03]
 [3.80000000e+01 7.60000000e+02 6.62203805e-03 6.77435412e-01
  5.06440952e-01 8.97630897e+03 3.37802604e-03]
 [3.90000000e+01 7.80000000e+02 6.62203805e-03 6.77435412e-01
  5.06440952e-01 8.97630897e+03 3.37802604e-03]
 [4.00000000e+01 8.00000000e+02 6.62203805e-03 6.77435412e-01
  5.06440952e-01 8.97630897e+03 3.37802604e-03]
 [4.10000000e+01 8.20000000e+02 6.62203805e-03 6.77435412e-01
  5.06440952e-01 8.97630897e+03 3.37802604e-03]
 [4.20000000e+01 8.40000000e+02 6.62203805e-03 6.77435412e-01
  5.06440952e-01 8.97630897e+03 3.37802604e-03]
 [4.30000000e+01 8.60000000e+02 6.62203805e-03 6.77435412e-01
  5.06440952e-01 8.97630897e+03 3.37802604e-03]
 [4.40000000e+01 8.80000000e+02 6.62203805e-03 6.77435412e-01
  5.06440952e-01 8.97630897e+03 3.37802604e-03]
 [4.50000000e+01 9.00000000e+02 6.62203805e-03 6.77435412e-01
  5.06440952e-01 6.39439947e+03 2.05401641e-03]
 [4.60000000e+01 9.20000000e+02 6.62203805e-03 6.77435412e-01
  5.06440952e-01 6.39439947e+03 2.05401641e-03]
 [4.70000000e+01 9.40000000e+02 6.62203805e-03 6.77435412e-01
  5.06440952e-01 6.39439947e+03 2.05401641e-03]
 [4.80000000e+01 9.60000000e+02 6.62203805e-03 6.77435412e-01
  5.06440952e-01 6.39439947e+03 2.05401641e-03]
 [4.90000000e+01 9.80000000e+02 6.62203805e-03 6.77435412e-01
  5.06440952e-01 6.39439947e+03 2.05401641e-03]
 [5.00000000e+01 1.00000000e+03 6.62203805e-03 6.77435412e-01
  5.06440952e-01 6.39439947e+03 2.05401641e-03]]