[[1.00000000e+00 2.00000000e+01 8.25870213e-03 2.38967091e-01
  2.77742940e-02 2.68616183e+00]
 [2.00000000e+00 4.00000000e+01 7.70223953e-03 1.55341763e-01
  1.99579754e-02 2.67546205e+00]
 [3.00000000e+00 6.00000000e+01 7.02099205e-03 1.28862788e-01
  1.60562979e-02 2.62375260e+00]
 [4.00000000e+00 8.00000000e+01 6.31096352e-03 7.22484593e-02
  1.25302100e-02 2.53214628e+00]
 [5.00000000e+00 1.00000000e+02 6.31096352e-03 8.55272142e-02
  9.80079427e-03 2.50855691e+00]
 [6.00000000e+00 1.20000000e+02 6.31096352e-03 9.23199577e-02
  9.37386623e-03 2.48242944e+00]
 [7.00000000e+00 1.40000000e+02 6.28970092e-03 5.95588672e-02
  8.15696834e-03 2.21952534e+00]
 [8.00000000e+00 1.60000000e+02 6.28970092e-03 1.54219352e-01
  7.89559685e-03 2.32573223e+00]
 [9.00000000e+00 1.80000000e+02 6.28970092e-03 1.38306381e-01
  7.58757388e-03 2.18644600e+00]
 [1.00000000e+01 2.00000000e+02 6.28970092e-03 9.12452201e-02
  6.97386404e-03 2.02159973e+00]
 [1.10000000e+01 2.20000000e+02 6.28970092e-03 1.24722372e-01
  6.83805909e-03 1.94991530e+00]
 [1.20000000e+01 2.40000000e+02 6.28970092e-03 1.04399625e-01
  6.78887300e-03 1.95912138e+00]
 [1.30000000e+01 2.60000000e+02 6.28970092e-03 8.14552194e-02
  6.69215268e-03 2.04434923e+00]
 [1.40000000e+01 2.80000000e+02 6.27467299e-03 9.35216276e-02
  6.66698274e-03 2.00907012e+00]
 [1.50000000e+01 3.00000000e+02 6.27467299e-03 9.37875135e-02
  6.58829499e-03 1.90582507e+00]
 [1.60000000e+01 3.20000000e+02 6.27467299e-03 5.13972752e-02
  6.56063432e-03 1.79731157e+00]
 [1.70000000e+01 3.40000000e+02 6.27467299e-03 4.22982661e-02
  6.51407044e-03 1.74386869e+00]
 [1.80000000e+01 3.60000000e+02 6.27467299e-03 5.55181019e-02
  6.48982876e-03 1.81818797e+00]
 [1.90000000e+01 3.80000000e+02 6.27467299e-03 5.30524276e-02
  6.48245395e-03 1.87536838e+00]
 [2.00000000e+01 4.00000000e+02 6.27467299e-03 4.06615574e-02
  6.47970544e-03 1.77099868e+00]
 [2.10000000e+01 4.20000000e+02 6.27467299e-03 6.03798005e-02
  6.47970544e-03 1.72753721e+00]
 [2.20000000e+01 4.40000000e+02 6.27467299e-03 3.52369543e-02
  6.47527559e-03 1.77099963e+00]
 [2.30000000e+01 4.60000000e+02 6.27467299e-03 3.80803182e-02
  6.46072103e-03 1.72041086e+00]
 [2.40000000e+01 4.80000000e+02 6.27467299e-03 4.16742680e-02
  6.45211115e-03 1.72451782e+00]
 [2.50000000e+01 5.00000000e+02 6.27467299e-03 3.52164690e-02
  6.43649785e-03 1.71312176e+00]
 [2.60000000e+01 5.20000000e+02 6.27467299e-03 4.24917612e-02
  6.42605164e-03 1.69866767e+00]
 [2.70000000e+01 5.40000000e+02 6.27467299e-03 3.69041300e-02
  6.42234777e-03 1.72329531e+00]
 [2.80000000e+01 5.60000000e+02 6.27467299e-03 3.58484497e-02
  6.41967873e-03 1.71240251e+00]
 [2.90000000e+01 5.80000000e+02 6.27467299e-03 4.89819476e-02
  6.41942369e-03 1.70754824e+00]
 [3.00000000e+01 6.00000000e+02 6.27467299e-03 3.74562021e-02
  6.41942369e-03 1.70535412e+00]
 [3.10000000e+01 6.20000000e+02 6.27467299e-03 4.21194913e-02
  6.41942369e-03 1.65479502e+00]
 [3.20000000e+01 6.40000000e+02 6.27467299e-03 3.85064766e-02
  6.41942369e-03 1.68860444e+00]
 [3.30000000e+01 6.60000000e+02 6.27467299e-03 2.44158903e-02
  6.41690133e-03 1.71602456e+00]
 [3.40000000e+01 6.80000000e+02 6.27467299e-03 3.33424199e-02
  6.41690133e-03 1.69258359e+00]
 [3.50000000e+01 7.00000000e+02 6.27467299e-03 2.64645367e-02
  6.41690133e-03 1.66937324e+00]
 [3.60000000e+01 7.20000000e+02 6.27467299e-03 2.22296529e-02
  6.41602147e-03 1.69572904e+00]
 [3.70000000e+01 7.40000000e+02 6.27467299e-03 2.58612899e-02
  6.41602147e-03 1.66003463e+00]
 [3.80000000e+01 7.60000000e+02 6.27467299e-03 2.23621650e-02
  6.41602147e-03 1.67994069e+00]
 [3.90000000e+01 7.80000000e+02 6.27467299e-03 2.42049239e-02
  6.41602147e-03 1.68281406e+00]
 [4.00000000e+01 8.00000000e+02 6.27467299e-03 1.82725181e-02
  6.41602147e-03 1.69914759e+00]
 [4.10000000e+01 8.20000000e+02 6.27467299e-03 2.12140455e-02
  6.41602147e-03 1.65404715e+00]
 [4.20000000e+01 8.40000000e+02 6.27467299e-03 2.17073495e-02
  6.41602147e-03 1.68365144e+00]
 [4.30000000e+01 8.60000000e+02 6.27467299e-03 1.50954166e-02
  6.41602147e-03 1.65759819e+00]
 [4.40000000e+01 8.80000000e+02 6.27467299e-03 2.14024513e-02
  6.41602147e-03 1.67569868e+00]
 [4.50000000e+01 9.00000000e+02 6.27467299e-03 2.10200861e-02
  6.41602147e-03 1.67687166e+00]
 [4.60000000e+01 9.20000000e+02 6.27467299e-03 1.55605414e-02
  6.41592246e-03 1.65638762e+00]
 [4.70000000e+01 9.40000000e+02 6.27467299e-03 2.71330906e-02
  6.41592246e-03 1.71992252e+00]
 [4.80000000e+01 9.60000000e+02 6.27467299e-03 1.68427105e-02
  6.41592246e-03 1.66901815e+00]
 [4.90000000e+01 9.80000000e+02 6.27467299e-03 2.71672401e-02
  6.41592246e-03 1.65959759e+00]
 [5.00000000e+01 1.00000000e+03 6.27467299e-03 1.92767500e-02
  6.41592246e-03 1.65138109e+00]]