[[1.00000000e+00 2.00000000e+01 6.77241283e-03 2.52244402e-01
  2.29801369e-02 2.46052493e+00]
 [2.00000000e+00 4.00000000e+01 6.34664383e-03 1.44582463e-01
  1.46555742e-02 2.16663327e+00]
 [3.00000000e+00 6.00000000e+01 6.34664383e-03 1.39723160e-01
  1.28522852e-02 1.84421368e+00]
 [4.00000000e+00 8.00000000e+01 6.34664383e-03 8.47577157e-02
  1.12996701e-02 1.72271703e+00]
 [5.00000000e+00 1.00000000e+02 6.34664383e-03 6.70770962e-02
  8.81679059e-03 1.65642575e+00]
 [6.00000000e+00 1.20000000e+02 6.34206751e-03 1.08381410e-01
  8.24026518e-03 1.61334608e+00]
 [7.00000000e+00 1.40000000e+02 6.34206751e-03 6.01998928e-02
  8.09777319e-03 1.56504103e+00]
 [8.00000000e+00 1.60000000e+02 6.24958392e-03 9.30794889e-02
  7.28773281e-03 1.40933490e+00]
 [9.00000000e+00 1.80000000e+02 6.24958392e-03 5.49939540e-02
  7.19494201e-03 1.33117538e+00]
 [1.00000000e+01 2.00000000e+02 6.24958392e-03 5.44341433e-02
  7.13940536e-03 1.27665280e+00]
 [1.10000000e+01 2.20000000e+02 6.24958392e-03 5.69377333e-02
  7.09101533e-03 1.18528400e+00]
 [1.20000000e+01 2.40000000e+02 6.24958392e-03 5.60320309e-02
  6.89551490e-03 1.09446501e+00]
 [1.30000000e+01 2.60000000e+02 6.24958392e-03 5.03966093e-02
  6.87833834e-03 1.00303740e+00]
 [1.40000000e+01 2.80000000e+02 6.24958392e-03 4.05085826e-02
  6.84791117e-03 8.47176826e-01]
 [1.50000000e+01 3.00000000e+02 6.24778310e-03 6.84629300e-02
  6.78325655e-03 8.50066460e-01]
 [1.60000000e+01 3.20000000e+02 6.24778310e-03 5.22986072e-02
  6.76491053e-03 8.89203618e-01]
 [1.70000000e+01 3.40000000e+02 6.24778310e-03 3.72014910e-02
  6.75478183e-03 8.52408414e-01]
 [1.80000000e+01 3.60000000e+02 6.24778310e-03 5.32673637e-02
  6.73865839e-03 8.12199714e-01]
 [1.90000000e+01 3.80000000e+02 6.24778310e-03 2.84535276e-02
  6.73162425e-03 8.41513349e-01]
 [2.00000000e+01 4.00000000e+02 6.24778310e-03 3.78809008e-02
  6.72921469e-03 7.37714808e-01]
 [2.10000000e+01 4.20000000e+02 6.24778310e-03 3.48327461e-02
  6.72816272e-03 6.92514804e-01]
 [2.20000000e+01 4.40000000e+02 6.24778310e-03 2.94452852e-02
  6.72053455e-03 6.46193866e-01]
 [2.30000000e+01 4.60000000e+02 6.24778310e-03 2.81344754e-02
  6.72053455e-03 6.43081538e-01]
 [2.40000000e+01 4.80000000e+02 6.24778310e-03 3.08834542e-02
  6.62322253e-03 6.42389214e-01]
 [2.50000000e+01 5.00000000e+02 6.24778310e-03 2.89224261e-02
  6.62322253e-03 6.19944756e-01]
 [2.60000000e+01 5.20000000e+02 6.24778310e-03 2.97576899e-02
  6.62298338e-03 5.70733837e-01]
 [2.70000000e+01 5.40000000e+02 6.24778310e-03 2.91261154e-02
  6.29110412e-03 5.42858870e-01]
 [2.80000000e+01 5.60000000e+02 6.24778310e-03 2.25392836e-02
  6.28907617e-03 5.60867787e-01]
 [2.90000000e+01 5.80000000e+02 6.24778310e-03 2.98718052e-02
  6.28907617e-03 5.64704866e-01]
 [3.00000000e+01 6.00000000e+02 6.24778310e-03 2.21966616e-02
  6.28907617e-03 5.16350131e-01]
 [3.10000000e+01 6.20000000e+02 6.24778310e-03 2.52438504e-02
  6.28812571e-03 5.01054752e-01]
 [3.20000000e+01 6.40000000e+02 6.24778310e-03 2.27491715e-02
  6.28769861e-03 5.29245297e-01]
 [3.30000000e+01 6.60000000e+02 6.24778310e-03 1.76757350e-02
  6.28769861e-03 4.99232258e-01]
 [3.40000000e+01 6.80000000e+02 6.24778310e-03 2.70128902e-02
  6.28769861e-03 5.40800389e-01]
 [3.50000000e+01 7.00000000e+02 6.24778310e-03 1.88698504e-02
  6.28769861e-03 4.93787060e-01]
 [3.60000000e+01 7.20000000e+02 6.24778310e-03 2.14319372e-02
  6.28769861e-03 5.01353704e-01]
 [3.70000000e+01 7.40000000e+02 6.24778310e-03 2.36747643e-02
  6.28769861e-03 5.03855433e-01]
 [3.80000000e+01 7.60000000e+02 6.24778310e-03 2.40692608e-02
  6.28769861e-03 4.80438983e-01]
 [3.90000000e+01 7.80000000e+02 6.24778310e-03 2.06640650e-02
  6.28769861e-03 5.06830921e-01]
 [4.00000000e+01 8.00000000e+02 6.24778310e-03 1.65696369e-02
  6.28769861e-03 5.32730321e-01]
 [4.10000000e+01 8.20000000e+02 6.24778310e-03 1.82035651e-02
  6.28769861e-03 5.44595923e-01]
 [4.20000000e+01 8.40000000e+02 6.24778310e-03 1.61626106e-02
  6.28769861e-03 5.37805873e-01]
 [4.30000000e+01 8.60000000e+02 6.24778310e-03 1.28348289e-02
  6.28769861e-03 4.89233146e-01]
 [4.40000000e+01 8.80000000e+02 6.24778310e-03 1.63962486e-02
  6.28769861e-03 4.79170100e-01]
 [4.50000000e+01 9.00000000e+02 6.24778310e-03 1.64114201e-02
  6.28769861e-03 4.96577851e-01]
 [4.60000000e+01 9.20000000e+02 6.24778310e-03 1.80412590e-02
  6.28769861e-03 5.17855893e-01]
 [4.70000000e+01 9.40000000e+02 6.24778310e-03 1.69922513e-02
  6.28769861e-03 5.09293618e-01]
 [4.80000000e+01 9.60000000e+02 6.24778310e-03 1.62190504e-02
  6.28769861e-03 5.40405805e-01]
 [4.90000000e+01 9.80000000e+02 6.24778310e-03 2.01181291e-02
  6.28769861e-03 5.06803641e-01]
 [5.00000000e+01 1.00000000e+03 6.24778310e-03 1.97299498e-02
  6.28769861e-03 5.18805318e-01]]