[[1.00000000e+00 2.00000000e+01 1.22230019e-02 1.87718623e-01
  6.46414039e-01 9.01622083e+03 7.47564354e-01]
 [2.00000000e+00 4.00000000e+01 1.20691883e-02 3.56989127e-01
  6.96413110e-01 8.62718653e+03 5.07957562e-01]
 [3.00000000e+00 6.00000000e+01 1.20691883e-02 3.56989127e-01
  6.96413110e-01 8.62718653e+03 5.07957562e-01]
 [4.00000000e+00 8.00000000e+01 1.20691883e-02 3.56989127e-01
  6.96413110e-01 6.87877553e+03 4.95875029e-01]
 [5.00000000e+00 1.00000000e+02 1.20691883e-02 3.56989127e-01
  6.96413110e-01 6.87877553e+03 4.95875029e-01]
 [6.00000000e+00 1.20000000e+02 1.20691883e-02 3.56989127e-01
  6.96413110e-01 5.64099172e+03 1.36936357e-02]
 [7.00000000e+00 1.40000000e+02 1.20691883e-02 3.56989127e-01
  6.96413110e-01 5.64099172e+03 1.36936357e-02]
 [8.00000000e+00 1.60000000e+02 1.20691883e-02 3.56989127e-01
  6.96413110e-01 5.51285858e+03 1.25644711e-02]
 [9.00000000e+00 1.80000000e+02 1.18983793e-02 7.32824008e-01
  9.28274399e-01 7.12077216e+03 1.27352800e-02]
 [1.00000000e+01 2.00000000e+02 1.18983793e-02 7.32824008e-01
  9.28274399e-01 9.11372656e+03 9.88600206e-03]
 [1.10000000e+01 2.20000000e+02 1.18983793e-02 7.32824008e-01
  9.28274399e-01 6.40316783e+03 8.02793750e-03]
 [1.20000000e+01 2.40000000e+02 1.18983793e-02 7.32824008e-01
  9.28274399e-01 6.40316783e+03 8.02793750e-03]
 [1.30000000e+01 2.60000000e+02 1.18983793e-02 7.32824008e-01
  9.28274399e-01 6.40316783e+03 8.02793750e-03]
 [1.40000000e+01 2.80000000e+02 1.18983793e-02 7.32824008e-01
  9.28274399e-01 6.40316783e+03 8.02793750e-03]
 [1.50000000e+01 3.00000000e+02 1.18901061e-02 6.92509303e-01
  8.75257418e-02 6.57937249e+03 8.03621071e-03]
 [1.60000000e+01 3.20000000e+02 1.15631702e-02 7.14470982e-01
  3.59215005e-01 9.53987065e+03 2.68120135e-03]
 [1.70000000e+01 3.40000000e+02 1.15631702e-02 7.14470982e-01
  3.59215005e-01 9.62240799e+03 2.66178641e-03]
 [1.80000000e+01 3.60000000e+02 1.15631702e-02 7.14470982e-01
  3.59215005e-01 9.62240799e+03 2.66178641e-03]
 [1.90000000e+01 3.80000000e+02 1.15631702e-02 7.14470982e-01
  3.59215005e-01 8.18050184e+03 2.32084131e-03]
 [2.00000000e+01 4.00000000e+02 1.15631702e-02 7.14470982e-01
  3.59215005e-01 6.63197908e+03 1.62664980e-03]
 [2.10000000e+01 4.20000000e+02 1.15536011e-02 7.14470982e-01
  3.59215005e-01 8.25472348e+03 1.63621895e-03]
 [2.20000000e+01 4.40000000e+02 1.14547191e-02 3.56989127e-01
  6.96413110e-01 7.19929129e+03 1.73510096e-03]
 [2.30000000e+01 4.60000000e+02 1.14547191e-02 3.56989127e-01
  6.96413110e-01 9.92305789e+03 1.50213280e-03]
 [2.40000000e+01 4.80000000e+02 1.12529014e-02 9.45341853e-01
  3.44378210e-01 1.10257175e+04 1.70395043e-03]
 [2.50000000e+01 5.00000000e+02 1.12529014e-02 9.45341853e-01
  3.44378210e-01 7.54436670e+03 1.13837749e-03]
 [2.60000000e+01 5.20000000e+02 1.12529014e-02 9.45341853e-01
  3.44378210e-01 7.54436670e+03 1.13837749e-03]
 [2.70000000e+01 5.40000000e+02 1.12529014e-02 9.45341853e-01
  3.44378210e-01 7.54436670e+03 1.13837749e-03]
 [2.80000000e+01 5.60000000e+02 1.12529014e-02 9.45341853e-01
  3.44378210e-01 7.54436670e+03 1.13837749e-03]
 [2.90000000e+01 5.80000000e+02 1.12529014e-02 9.45341853e-01
  3.44378210e-01 3.78196739e+03 1.09038068e-03]
 [3.00000000e+01 6.00000000e+02 1.10715572e-02 9.45341853e-01
  3.44378210e-01 3.64727316e+03 1.20466934e-03]
 [3.10000000e+01 6.20000000e+02 1.10715572e-02 9.45341853e-01
  3.44378210e-01 3.64727316e+03 1.20466934e-03]
 [3.20000000e+01 6.40000000e+02 1.10715572e-02 9.45341853e-01
  3.44378210e-01 3.64727316e+03 1.20466934e-03]
 [3.30000000e+01 6.60000000e+02 1.10715572e-02 9.45341853e-01
  3.44378210e-01 3.64727316e+03 1.20466934e-03]
 [3.40000000e+01 6.80000000e+02 1.10715572e-02 9.45341853e-01
  3.44378210e-01 3.64727316e+03 1.20466934e-03]
 [3.50000000e+01 7.00000000e+02 1.10715572e-02 9.45341853e-01
  3.44378210e-01 9.75569382e+03 1.06908072e-03]
 [3.60000000e+01 7.20000000e+02 1.10715572e-02 9.45341853e-01
  3.44378210e-01 9.75569382e+03 1.06908072e-03]
 [3.70000000e+01 7.40000000e+02 1.10715572e-02 9.45341853e-01
  3.44378210e-01 9.74184602e+03 1.06908072e-03]
 [3.80000000e+01 7.60000000e+02 1.10715572e-02 9.45341853e-01
  3.44378210e-01 9.74184602e+03 1.06908072e-03]
 [3.90000000e+01 7.80000000e+02 1.10715572e-02 9.45341853e-01
  3.44378210e-01 9.74184602e+03 1.06908072e-03]
 [4.00000000e+01 8.00000000e+02 1.10715572e-02 9.45341853e-01
  3.44378210e-01 9.74184590e+03 1.06908072e-03]
 [4.10000000e+01 8.20000000e+02 1.10715572e-02 9.45341853e-01
  3.44378210e-01 9.74194373e+03 1.06908072e-03]
 [4.20000000e+01 8.40000000e+02 1.10715572e-02 9.45341853e-01
  3.44378210e-01 9.74194373e+03 1.06908072e-03]
 [4.30000000e+01 8.60000000e+02 1.10715572e-02 9.45341853e-01
  3.44378210e-01 9.74194373e+03 1.06908072e-03]
 [4.40000000e+01 8.80000000e+02 1.10715572e-02 9.45341853e-01
  3.44378210e-01 9.74194373e+03 1.06908072e-03]
 [4.50000000e+01 9.00000000e+02 1.10715572e-02 9.45341853e-01
  3.44378210e-01 9.74194373e+03 1.06908072e-03]
 [4.60000000e+01 9.20000000e+02 1.10671281e-02 3.15693177e-01
  5.45243519e-01 9.74034094e+03 1.07350986e-03]
 [4.70000000e+01 9.40000000e+02 1.10549530e-02 3.15693177e-01
  5.45243519e-01 1.00676657e+04 1.08568491e-03]
 [4.80000000e+01 9.60000000e+02 1.10359668e-02 5.64647468e-01
  6.46414039e-01 8.62941459e+03 1.10467117e-03]
 [4.90000000e+01 9.80000000e+02 1.10359668e-02 5.64647468e-01
  6.46414039e-01 8.62941459e+03 1.10467117e-03]
 [5.00000000e+01 1.00000000e+03 1.10359668e-02 5.64647468e-01
  6.46414039e-01 8.62924301e+03 1.10467117e-03]]