[[1.00000000e+00 2.00000000e+01 1.22670220e-02 6.24645008e-01
  6.96413110e-01 1.29077932e+04 1.20663471e-02]
 [2.00000000e+00 4.00000000e+01 1.22670220e-02 6.24645008e-01
  6.96413110e-01 1.29077932e+04 1.20663471e-02]
 [3.00000000e+00 6.00000000e+01 1.22670220e-02 6.24645008e-01
  6.96413110e-01 1.29077932e+04 1.20663471e-02]
 [4.00000000e+00 8.00000000e+01 1.19338023e-02 3.07282764e-01
  9.91147439e-01 1.05838840e+04 1.23995668e-02]
 [5.00000000e+00 1.00000000e+02 1.18022418e-02 4.61597835e-01
  3.77703832e-01 9.19312218e+03 1.25311273e-02]
 [6.00000000e+00 1.20000000e+02 1.18022418e-02 4.61597835e-01
  3.77703832e-01 9.19312218e+03 1.25311273e-02]
 [7.00000000e+00 1.40000000e+02 1.18022418e-02 4.61597835e-01
  3.77703832e-01 9.19312218e+03 1.25311273e-02]
 [8.00000000e+00 1.60000000e+02 1.18022418e-02 4.61597835e-01
  3.77703832e-01 9.19312218e+03 1.25311273e-02]
 [9.00000000e+00 1.80000000e+02 1.18022418e-02 4.61597835e-01
  3.77703832e-01 9.19251772e+03 1.02816147e-02]
 [1.00000000e+01 2.00000000e+02 1.18022418e-02 4.61597835e-01
  3.77703832e-01 9.19251772e+03 1.02816147e-02]
 [1.10000000e+01 2.20000000e+02 1.17375851e-02 2.14400056e-01
  7.25284115e-01 1.10073745e+04 1.03462713e-02]
 [1.20000000e+01 2.40000000e+02 1.16151465e-02 8.11449498e-01
  8.87219458e-01 9.87578030e+03 1.92920588e-03]
 [1.30000000e+01 2.60000000e+02 1.16151465e-02 8.11449498e-01
  8.87219458e-01 1.19795012e+04 1.12477289e-03]
 [1.40000000e+01 2.80000000e+02 1.16151465e-02 8.11449498e-01
  8.87219458e-01 1.19795012e+04 1.12477289e-03]
 [1.50000000e+01 3.00000000e+02 1.16151465e-02 8.11449498e-01
  8.87219458e-01 1.00699195e+04 1.09788157e-03]
 [1.60000000e+01 3.20000000e+02 1.14578161e-02 3.07282764e-01
  9.91147439e-01 1.14933652e+04 1.10700496e-03]
 [1.70000000e+01 3.40000000e+02 1.14578161e-02 3.07282764e-01
  9.91147439e-01 9.33669304e+03 7.51236387e-04]
 [1.80000000e+01 3.60000000e+02 1.14578161e-02 3.07282764e-01
  9.91147439e-01 9.33669304e+03 7.51236387e-04]
 [1.90000000e+01 3.80000000e+02 1.14578161e-02 3.07282764e-01
  9.91147439e-01 9.33669304e+03 7.51236387e-04]
 [2.00000000e+01 4.00000000e+02 1.14578161e-02 3.07282764e-01
  9.91147439e-01 9.95263532e+03 7.29323196e-04]
 [2.10000000e+01 4.20000000e+02 1.14578161e-02 3.07282764e-01
  9.91147439e-01 9.95263532e+03 7.29323196e-04]
 [2.20000000e+01 4.40000000e+02 1.14578161e-02 3.07282764e-01
  9.91147439e-01 9.95263532e+03 7.29323196e-04]
 [2.30000000e+01 4.60000000e+02 1.14578161e-02 3.07282764e-01
  9.91147439e-01 9.95263532e+03 7.29323196e-04]
 [2.40000000e+01 4.80000000e+02 1.14578161e-02 3.07282764e-01
  9.91147439e-01 9.95263532e+03 7.29323196e-04]
 [2.50000000e+01 5.00000000e+02 1.14578161e-02 3.07282764e-01
  9.91147439e-01 9.95263532e+03 7.29323196e-04]
 [2.60000000e+01 5.20000000e+02 1.14578161e-02 3.07282764e-01
  9.91147439e-01 1.00147764e+04 6.74263744e-04]
 [2.70000000e+01 5.40000000e+02 1.14578161e-02 3.07282764e-01
  9.91147439e-01 8.28884037e+03 6.46107432e-04]
 [2.80000000e+01 5.60000000e+02 1.14578161e-02 3.07282764e-01
  9.91147439e-01 6.54909314e+03 6.29675056e-04]
 [2.90000000e+01 5.80000000e+02 1.14578161e-02 3.07282764e-01
  9.91147439e-01 6.54909314e+03 6.29675056e-04]
 [3.00000000e+01 6.00000000e+02 1.14578161e-02 3.07282764e-01
  9.91147439e-01 6.54909314e+03 6.29675056e-04]
 [3.10000000e+01 6.20000000e+02 1.14159081e-02 5.54102854e-01
  2.05218534e-01 6.58133937e+03 6.37198675e-04]
 [3.20000000e+01 6.40000000e+02 1.14159081e-02 5.54102854e-01
  2.05218534e-01 9.73252306e+03 6.15395294e-04]
 [3.30000000e+01 6.60000000e+02 1.14159081e-02 5.54102854e-01
  2.05218534e-01 9.73252306e+03 6.15395294e-04]
 [3.40000000e+01 6.80000000e+02 1.14159081e-02 5.54102854e-01
  2.05218534e-01 9.38625301e+03 4.88125496e-04]
 [3.50000000e+01 7.00000000e+02 1.14159081e-02 5.54102854e-01
  2.05218534e-01 9.38625301e+03 4.88125496e-04]
 [3.60000000e+01 7.20000000e+02 1.13741909e-02 4.61597835e-01
  3.77703832e-01 1.22684030e+04 5.29842737e-04]
 [3.70000000e+01 7.40000000e+02 1.13741909e-02 4.61597835e-01
  3.77703832e-01 1.22684030e+04 5.29842737e-04]
 [3.80000000e+01 7.60000000e+02 1.13741909e-02 4.61597835e-01
  3.77703832e-01 1.22684030e+04 5.29842737e-04]
 [3.90000000e+01 7.80000000e+02 1.13741909e-02 4.61597835e-01
  3.77703832e-01 1.22684030e+04 5.29842737e-04]
 [4.00000000e+01 8.00000000e+02 1.13448803e-02 4.89072001e-01
  5.09954866e-01 9.05095547e+03 5.33438487e-04]
 [4.10000000e+01 8.20000000e+02 1.13448803e-02 4.89072001e-01
  5.09954866e-01 9.05095547e+03 5.33438487e-04]
 [4.20000000e+01 8.40000000e+02 1.13448803e-02 4.89072001e-01
  5.09954866e-01 9.05095547e+03 5.33438487e-04]
 [4.30000000e+01 8.60000000e+02 1.13448803e-02 4.89072001e-01
  5.09954866e-01 9.05095547e+03 5.33438487e-04]
 [4.40000000e+01 8.80000000e+02 1.12510145e-02 4.61597835e-01
  3.77703832e-01 9.83535121e+03 6.27304319e-04]
 [4.50000000e+01 9.00000000e+02 1.12510145e-02 4.61597835e-01
  3.77703832e-01 9.83535121e+03 6.27304319e-04]
 [4.60000000e+01 9.20000000e+02 1.11708058e-02 4.89072001e-01
  5.09954866e-01 4.96044964e+03 7.00090150e-04]
 [4.70000000e+01 9.40000000e+02 1.11708058e-02 4.89072001e-01
  5.09954866e-01 4.96044964e+03 7.00090150e-04]
 [4.80000000e+01 9.60000000e+02 1.11708058e-02 4.89072001e-01
  5.09954866e-01 9.14056362e+03 6.17006117e-04]
 [4.90000000e+01 9.80000000e+02 1.10704114e-02 7.51283902e-01
  2.05218534e-01 8.49116633e+03 7.17400582e-04]
 [5.00000000e+01 1.00000000e+03 1.10704114e-02 7.51283902e-01
  2.05218534e-01 8.49116633e+03 7.17400582e-04]]