[[1.00000000e+00 2.00000000e+01 1.26177578e-02 2.78615861e-01
  4.43253859e-01 1.14432104e+04 2.51217486e-01]
 [2.00000000e+00 4.00000000e+01 1.26177578e-02 2.78615861e-01
  4.43253859e-01 1.14442008e+04 7.50462098e-03]
 [3.00000000e+00 6.00000000e+01 1.23761331e-02 4.24300647e-01
  8.91221659e-01 1.32514084e+04 7.74624561e-03]
 [4.00000000e+00 8.00000000e+01 1.20228312e-02 3.07282764e-01
  9.91147439e-01 8.77144896e+03 6.41557357e-03]
 [5.00000000e+00 1.00000000e+02 1.18075456e-02 2.01796901e-01
  8.45497860e-01 1.05490859e+04 6.63085920e-03]
 [6.00000000e+00 1.20000000e+02 1.15805602e-02 1.92602492e-01
  9.28274399e-01 1.13142261e+04 3.90130621e-03]
 [7.00000000e+00 1.40000000e+02 1.15413416e-02 2.01796901e-01
  8.45497860e-01 9.47742802e+03 1.24822085e-03]
 [8.00000000e+00 1.60000000e+02 1.15413416e-02 2.01796901e-01
  8.45497860e-01 7.78365667e+03 1.21658140e-03]
 [9.00000000e+00 1.80000000e+02 1.14765440e-02 1.92602492e-01
  9.28274399e-01 9.50127494e+03 1.24617828e-03]
 [1.00000000e+01 2.00000000e+02 1.13666348e-02 1.87684625e-01
  3.64004612e-01 8.95683478e+03 1.35608746e-03]
 [1.10000000e+01 2.20000000e+02 1.13429803e-02 1.87684625e-01
  3.64004612e-01 9.32533898e+03 1.29960632e-03]
 [1.20000000e+01 2.40000000e+02 1.13312745e-02 1.87684625e-01
  3.64004612e-01 1.02669894e+04 1.31131213e-03]
 [1.30000000e+01 2.60000000e+02 1.13222041e-02 1.87684625e-01
  3.64004612e-01 1.06969802e+04 1.32038252e-03]
 [1.40000000e+01 2.80000000e+02 1.12903171e-02 2.01796901e-01
  8.45497860e-01 9.02254924e+03 8.90039123e-04]
 [1.50000000e+01 3.00000000e+02 1.12828778e-02 2.72211894e-01
  9.09649550e-01 1.05389632e+04 8.97478457e-04]
 [1.60000000e+01 3.20000000e+02 1.12352859e-02 2.01796901e-01
  8.45497860e-01 8.81840404e+03 9.45070360e-04]
 [1.70000000e+01 3.40000000e+02 1.12352859e-02 2.01796901e-01
  8.45497860e-01 8.81840404e+03 9.45070360e-04]
 [1.80000000e+01 3.60000000e+02 1.12352859e-02 2.01796901e-01
  8.45497860e-01 8.81727270e+03 9.40399863e-04]
 [1.90000000e+01 3.80000000e+02 1.12352859e-02 2.01796901e-01
  8.45497860e-01 8.76826654e+03 8.27787296e-04]
 [2.00000000e+01 4.00000000e+02 1.12352859e-02 2.01796901e-01
  8.45497860e-01 8.76826654e+03 8.27787296e-04]
 [2.10000000e+01 4.20000000e+02 1.12093233e-02 2.15385372e-01
  5.13547997e-01 8.72841163e+03 8.53749872e-04]
 [2.20000000e+01 4.40000000e+02 1.12057707e-02 1.03131251e-01
  7.90506064e-01 8.84454862e+03 8.28185676e-04]
 [2.30000000e+01 4.60000000e+02 1.12057707e-02 1.03131251e-01
  7.90506064e-01 8.84454862e+03 8.28185676e-04]
 [2.40000000e+01 4.80000000e+02 1.12053012e-02 1.83318963e-01
  9.18492588e-01 4.05224470e+03 5.38785574e-04]
 [2.50000000e+01 5.00000000e+02 1.12053012e-02 1.83318963e-01
  9.18492588e-01 4.05224470e+03 5.38785574e-04]
 [2.60000000e+01 5.20000000e+02 1.12053012e-02 1.83318963e-01
  9.18492588e-01 4.05224470e+03 5.38785574e-04]
 [2.70000000e+01 5.40000000e+02 1.11615112e-02 2.78615861e-01
  4.43253859e-01 4.62387316e+03 5.82575574e-04]
 [2.80000000e+01 5.60000000e+02 1.10623601e-02 1.92602492e-01
  9.28274399e-01 4.82453173e+03 6.81726750e-04]
 [2.90000000e+01 5.80000000e+02 1.10612268e-02 1.03131251e-01
  7.90506064e-01 4.69271858e+03 6.82859998e-04]
 [3.00000000e+01 6.00000000e+02 1.10308209e-02 2.22455877e-01
  2.82737762e-01 5.01909986e+03 7.13265954e-04]
 [3.10000000e+01 6.20000000e+02 1.10072064e-02 1.61546002e-01
  7.79813372e-01 5.27764210e+03 7.36880452e-04]
 [3.20000000e+01 6.40000000e+02 1.10072064e-02 1.61546002e-01
  7.79813372e-01 5.27764210e+03 7.36880452e-04]
 [3.30000000e+01 6.60000000e+02 1.10072064e-02 1.61546002e-01
  7.79813372e-01 5.80030506e+03 5.15265335e-04]
 [3.40000000e+01 6.80000000e+02 1.10025196e-02 1.03304934e-01
  9.33673791e-01 5.24499505e+03 5.19952094e-04]
 [3.50000000e+01 7.00000000e+02 1.09707420e-02 1.03304934e-01
  9.33673791e-01 5.44524508e+03 5.51729645e-04]
 [3.60000000e+01 7.20000000e+02 1.09707420e-02 1.03304934e-01
  9.33673791e-01 7.01342829e+03 4.71060118e-04]
 [3.70000000e+01 7.40000000e+02 1.09707420e-02 1.03304934e-01
  9.33673791e-01 4.26738678e+03 3.72085847e-04]
 [3.80000000e+01 7.60000000e+02 1.09707420e-02 1.03304934e-01
  9.33673791e-01 4.26738678e+03 3.72085847e-04]
 [3.90000000e+01 7.80000000e+02 1.09707420e-02 1.03304934e-01
  9.33673791e-01 2.48013929e+03 2.85114410e-04]
 [4.00000000e+01 8.00000000e+02 1.09707420e-02 1.03304934e-01
  9.33673791e-01 2.48384219e+03 2.77218650e-04]
 [4.10000000e+01 8.20000000e+02 1.09707420e-02 1.03304934e-01
  9.33673791e-01 4.07136786e+03 2.72623403e-04]
 [4.20000000e+01 8.40000000e+02 1.09440462e-02 2.78615861e-01
  1.34428717e-01 5.85039015e+03 2.99319296e-04]
 [4.30000000e+01 8.60000000e+02 1.09364028e-02 3.83320822e-01
  7.34083654e-01 4.11527427e+03 2.07550799e-04]
 [4.40000000e+01 8.80000000e+02 1.09364028e-02 3.83320822e-01
  7.34083654e-01 4.11527427e+03 2.07550799e-04]
 [4.50000000e+01 9.00000000e+02 1.09364028e-02 3.83320822e-01
  7.34083654e-01 4.11527427e+03 2.07550799e-04]
 [4.60000000e+01 9.20000000e+02 1.09364028e-02 3.83320822e-01
  7.34083654e-01 4.06411209e+03 1.94292161e-04]
 [4.70000000e+01 9.40000000e+02 1.09364028e-02 3.83320822e-01
  7.34083654e-01 3.96791606e+03 1.91970791e-04]
 [4.80000000e+01 9.60000000e+02 1.09364028e-02 3.83320822e-01
  7.34083654e-01 3.96791606e+03 1.91970791e-04]
 [4.90000000e+01 9.80000000e+02 1.09321618e-02 5.05989915e-01
  3.99321350e-01 2.49776085e+03 1.96211828e-04]
 [5.00000000e+01 1.00000000e+03 1.09321618e-02 5.05989915e-01
  3.99321350e-01 2.53375997e+03 1.43618826e-04]]