VAR N,7
53,446	49,284	112,232	104,608
53,446	49,284	112,232	104,608
53,446	49,284	112,232	104,608
50,586	46,718	112,496	105,008	
50,986	47,006	108,734	101,16
50,986	47,006	108,734	101,16
50,986	47,006	108,734	101,16
50,986	47,006	108,734	101,16
50,986	47,006	108,734	101,16
50,986	47,006	108,734	101,16
49,786	46,18	110,604	103,6
49,366	44,442	111,352	102,814
49,366	44,442	111,352	102,814
49,366	44,442	111,352	102,814
49,366	44,442	111,352	102,814
48,526	44,162	108,69	101,958
48,526	44,162	108,69	101,958
48,526	44,162	108,69	101,958
48,526	44,162	108,69	101,958
48,526	44,162	108,69	101,958
48,526	44,162	108,69	101,958
48,526	44,162	108,69	101,958
48,526	44,162	108,69	101,958
48,526	44,162	108,69	101,958
48,526	44,162	108,69	101,958
48,526	44,162	108,69	101,958
48,526	44,162	108,69	101,958
48,526	44,162	108,69	101,958
48,526	44,162	108,69	101,958
48,526	44,162	108,69	101,958
48,646	44,786	107,502	99,568
48,646	44,786	107,502	99,568	
48,646	44,786	107,502	99,568	
48,646	44,786	107,502	99,568	
48,646	44,786	107,502	99,568
48,806	44,59	106,556	98,448
48,806	44,59	106,556	98,448
48,806	44,59	106,556	98,448
48,806	44,59	106,556	98,448
48,306	44,16	107,326	100,062
48,306	44,16	107,326	100,062
48,306	44,16	107,326	100,062
48,306	44,16	107,326	100,062
48,066	44,10	105,918	98,216
48,066	44,10	105,918	98,216
48,306	44,264	103,652	96,608
48,306	44,264	103,652	96,608
48,306	44,264	103,652	96,608
47,746	43,626	103,256	96,3
47,746	43,626	103,256	96,3
VAR N,8
52,746	50,47	114,564	111,54
51,886	48,79	109,13	109,068
51,886	48,79	109,13	109,068
51,886	48,79	109,13	109,068
51,886	48,79	109,13	109,068
51,886	48,79	109,13	109,068
51,886	48,79	109,13	109,068
51,886	48,79	109,13	109,068
50,086	46,252	112,188	104,72
50,086	46,252	112,188	104,72
50,086	46,252	112,188	104,72
50,086	46,252	112,188	104,72
50,086	46,252	112,188	104,72
50,086	46,252	112,188	104,72
50,346	46,39	112,122	104,334	
49,626	45,43	108,58	100,578
49,626	45,43	108,58	100,578
49,626	45,43	108,58	100,578
49,626	45,43	108,58	100,578
49,626	45,43	108,58	100,578
49,386	45,424	108,69	100,874
49,086	45,03	107,722	98,432
49,086	45,03	107,722	98,432
48,066	44,25	104,972	98,13
48,066	44,25	104,972	98,13
48,066	44,25	104,972	98,13
48,066	44,25	104,972	98,13
48,066	44,25	104,972	98,13
48,066	44,25	104,972	98,13
47,666	43,79	102,926	96,224
47,666	43,79	102,926	96,224
47,666	43,79	102,926	96,224
47,666	43,79	102,926	96,224
47,666	43,79	102,926	96,224
47,666	43,79	102,926	96,224
47,666	43,79	102,926	96,224
47,666	43,79	102,926	96,224
47,666	43,79	102,926	96,224
47,666	43,79	102,926	96,224
47,666	43,79	102,926	96,224
47,666	43,79	102,926	96,224
47,666	43,79	102,926	96,224
47,666	43,79	102,926	96,224
47,666	43,79	102,926	96,224
47,666	43,79	102,926	96,224
47,346	43,616	103,608	96,952
47,326	43,468	103,784	97,07
47,666	43,422	103,102	95,546
47,666	43,422	103,102	95,546
47,666	43,422	103,102	95,546
VAR N,9
55,366	52,022	115,708	107,044
55,366	52,022	115,708	107,044	
53,246	48,924	117,6	109,76
51,986	47,738	112,342	104,49
49,686	45,522	112,254	105,564
49,086	45,036	109,394	102,47
49,346	44,552	108,448	101,044
49,346	44,552	108,448	101,044
48,746	44,338	108,03	101,47
48,386	44,01	107,018	100,384
48,286	44,03	106,952	99,616
48,206	44,012	106,644	99,96
48,366	44,178	106,402	99,12
48,806	44,292	105,588	98,276
48,306	44,188	106,072	97,742
48,266	44,04	104,686	97,856
48,266	44,04	104,686	97,856
48,266	44,04	104,686	97,856
48,266	44,04	104,686	97,856
48,266	44,04	104,686	97,856
47,946	43,904	105,61	98,006
48,066	43,516	105,764	98,02
48,066	43,516	105,764	98,02
47,806	43,86	105,324	98,11
47,806	43,86	105,324	98,11
47,806	43,86	105,324	98,11
47,726	43,47	105,038	97,9
47,866	43,544	102,706	96,232
48,146	43,634	102,75	95,324
47,686	43,546	102,772	95,674
47,646	43,318	102,442	95,622
47,646	43,318	102,442	95,622
47,646	43,318	102,442	95,622
47,826	43,146	102,552	96,444
47,546	43,206	103,41	94,458
47,546	43,206	103,41	94,458
47,546	43,206	103,41	94,458
47,546	43,206	103,41	94,458
47,546	43,206	103,41	94,458
47,546	43,206	103,41	94,458
47,546	43,206	103,41	94,458
47,426	43,138	101,738	94,708
47,666	43,012	101,826	94,598
47,666	43,012	101,826	94,598
47,666	43,012	101,826	94,598
47,666	43,012	101,826	94,598
47,666	43,012	101,826	94,598
47,666	43,012	101,826	94,598
47,406	43,448	101,276	94,114
47,406	43,448	101,276	94,114