[[1.00000000e+00 2.00000000e+01 1.21958951e-02 2.38078474e-01
  1.37385298e-02 2.52115340e+00]
 [2.00000000e+00 4.00000000e+01 1.16160563e-02 1.80105655e-01
  1.25396086e-02 2.44266047e+00]
 [3.00000000e+00 6.00000000e+01 1.11160780e-02 1.62908351e-01
  1.20451735e-02 2.09597881e+00]
 [4.00000000e+00 8.00000000e+01 1.11160780e-02 1.22714705e-01
  1.17094880e-02 1.78602917e+00]
 [5.00000000e+00 1.00000000e+02 1.11160780e-02 8.87827289e-02
  1.16275059e-02 1.57851144e+00]
 [6.00000000e+00 1.20000000e+02 1.11160780e-02 7.28264776e-02
  1.15940439e-02 1.35941026e+00]
 [7.00000000e+00 1.40000000e+02 1.11068681e-02 8.10113789e-02
  1.14982200e-02 1.32965392e+00]
 [8.00000000e+00 1.60000000e+02 1.11068681e-02 8.55709920e-02
  1.13555571e-02 1.27552371e+00]
 [9.00000000e+00 1.80000000e+02 1.11043678e-02 5.46237603e-02
  1.13154150e-02 1.17430084e+00]
 [1.00000000e+01 2.00000000e+02 1.11043678e-02 6.10174393e-02
  1.12501599e-02 1.02263751e+00]
 [1.10000000e+01 2.20000000e+02 1.11043678e-02 6.44848975e-02
  1.12279125e-02 8.82274004e-01]
 [1.20000000e+01 2.40000000e+02 1.10200787e-02 6.26420780e-02
  1.11771252e-02 8.58188964e-01]
 [1.30000000e+01 2.60000000e+02 1.10200787e-02 4.22750488e-02
  1.11657076e-02 8.61425438e-01]
 [1.40000000e+01 2.80000000e+02 1.10200787e-02 5.10742768e-02
  1.11590244e-02 8.17319615e-01]
 [1.50000000e+01 3.00000000e+02 1.09339009e-02 6.83974266e-02
  1.11083885e-02 7.97941021e-01]
 [1.60000000e+01 3.20000000e+02 1.08708634e-02 6.48831720e-02
  1.10879069e-02 7.91493411e-01]
 [1.70000000e+01 3.40000000e+02 1.08708634e-02 3.87715507e-02
  1.10553783e-02 7.39727775e-01]
 [1.80000000e+01 3.60000000e+02 1.08708634e-02 6.56155726e-02
  1.10512653e-02 7.71043428e-01]
 [1.90000000e+01 3.80000000e+02 1.08708634e-02 4.60458944e-02
  1.10351355e-02 7.37157082e-01]
 [2.00000000e+01 4.00000000e+02 1.08708634e-02 4.52233718e-02
  1.09872417e-02 6.70026528e-01]
 [2.10000000e+01 4.20000000e+02 1.08708634e-02 4.41917372e-02
  1.09769123e-02 6.15488286e-01]
 [2.20000000e+01 4.40000000e+02 1.08708634e-02 4.39314752e-02
  1.09758477e-02 6.26127836e-01]
 [2.30000000e+01 4.60000000e+02 1.08708634e-02 2.37821621e-02
  1.09485434e-02 5.45175059e-01]
 [2.40000000e+01 4.80000000e+02 1.08708634e-02 4.20697310e-02
  1.09340556e-02 5.76771421e-01]
 [2.50000000e+01 5.00000000e+02 1.08708634e-02 2.50981315e-02
  1.09214266e-02 4.81146782e-01]
 [2.60000000e+01 5.20000000e+02 1.08708634e-02 1.85384020e-02
  1.09130475e-02 4.00647153e-01]
 [2.70000000e+01 5.40000000e+02 1.08585500e-02 2.98725809e-02
  1.09072375e-02 3.97744519e-01]
 [2.80000000e+01 5.60000000e+02 1.08585500e-02 1.89890963e-02
  1.09053011e-02 3.79995779e-01]
 [2.90000000e+01 5.80000000e+02 1.08585500e-02 3.12574912e-02
  1.09013855e-02 3.57372426e-01]
 [3.00000000e+01 6.00000000e+02 1.08585500e-02 1.96850600e-02
  1.08989022e-02 3.40181591e-01]
 [3.10000000e+01 6.20000000e+02 1.08585500e-02 1.88597852e-02
  1.08951672e-02 3.29441501e-01]
 [3.20000000e+01 6.40000000e+02 1.08585500e-02 2.22229762e-02
  1.08908793e-02 2.98539121e-01]
 [3.30000000e+01 6.60000000e+02 1.08585500e-02 1.64633624e-02
  1.08871416e-02 2.71071848e-01]
 [3.40000000e+01 6.80000000e+02 1.08460001e-02 1.58462926e-02
  1.08810081e-02 2.43281033e-01]
 [3.50000000e+01 7.00000000e+02 1.08437054e-02 1.71976374e-02
  1.08783407e-02 2.10327163e-01]
 [3.60000000e+01 7.20000000e+02 1.08437054e-02 1.68957246e-02
  1.08768098e-02 2.30213675e-01]
 [3.70000000e+01 7.40000000e+02 1.08437054e-02 1.32292195e-02
  1.08750408e-02 2.56691645e-01]
 [3.80000000e+01 7.60000000e+02 1.08437054e-02 1.59855001e-02
  1.08741884e-02 2.44693276e-01]
 [3.90000000e+01 7.80000000e+02 1.08437054e-02 1.70576746e-02
  1.08679174e-02 2.03280335e-01]
 [4.00000000e+01 8.00000000e+02 1.08431595e-02 1.05293756e-02
  1.08662528e-02 2.06902858e-01]
 [4.10000000e+01 8.20000000e+02 1.08352318e-02 1.31227863e-02
  1.08626394e-02 1.97956712e-01]
 [4.20000000e+01 8.40000000e+02 1.08352318e-02 1.37007121e-02
  1.08602732e-02 2.08086482e-01]
 [4.30000000e+01 8.60000000e+02 1.08352318e-02 1.06849911e-02
  1.08602732e-02 2.01417961e-01]
 [4.40000000e+01 8.80000000e+02 1.08352318e-02 1.17536658e-02
  1.08596798e-02 1.65349261e-01]
 [4.50000000e+01 9.00000000e+02 1.08352318e-02 1.07965358e-02
  1.08590632e-02 1.62161107e-01]
 [4.60000000e+01 9.20000000e+02 1.08267618e-02 1.25988364e-02
  1.08561906e-02 1.92608572e-01]
 [4.70000000e+01 9.40000000e+02 1.08267618e-02 1.22928764e-02
  1.08530214e-02 1.93098556e-01]
 [4.80000000e+01 9.60000000e+02 1.08267618e-02 8.66697074e-03
  1.08530214e-02 1.94271110e-01]
 [4.90000000e+01 9.80000000e+02 1.08267618e-02 1.17903684e-02
  1.08523935e-02 1.91454775e-01]
 [5.00000000e+01 1.00000000e+03 1.08267618e-02 1.19703485e-02
  1.08520530e-02 1.64672268e-01]]