[[1.00000000e+00 2.00000000e+01 1.18617102e-02 2.12762208e-01
  1.41329369e-02 2.49902442e+00]
 [2.00000000e+00 4.00000000e+01 1.18617102e-02 1.63617024e-01
  1.26872063e-02 2.12484101e+00]
 [3.00000000e+00 6.00000000e+01 1.18617102e-02 1.35737783e-01
  1.24646907e-02 1.77457620e+00]
 [4.00000000e+00 8.00000000e+01 1.17419004e-02 1.40657634e-01
  1.21909744e-02 1.62706282e+00]
 [5.00000000e+00 1.00000000e+02 1.15820971e-02 1.05719037e-01
  1.19669459e-02 1.52359750e+00]
 [6.00000000e+00 1.20000000e+02 1.15648655e-02 1.06392798e-01
  1.17821706e-02 1.23230384e+00]
 [7.00000000e+00 1.40000000e+02 1.15024354e-02 6.95019144e-02
  1.17558555e-02 1.13923740e+00]
 [8.00000000e+00 1.60000000e+02 1.15024354e-02 5.98412155e-02
  1.16371036e-02 1.03902045e+00]
 [9.00000000e+00 1.80000000e+02 1.14916999e-02 7.97223016e-02
  1.15905298e-02 1.09337331e+00]
 [1.00000000e+01 2.00000000e+02 1.14544681e-02 6.17196356e-02
  1.15687242e-02 9.51712656e-01]
 [1.10000000e+01 2.20000000e+02 1.14544681e-02 4.21020821e-02
  1.15449044e-02 8.71885302e-01]
 [1.20000000e+01 2.40000000e+02 1.14382183e-02 7.48028928e-02
  1.15242291e-02 8.62676122e-01]
 [1.30000000e+01 2.60000000e+02 1.14382183e-02 4.27921056e-02
  1.15104897e-02 8.12678278e-01]
 [1.40000000e+01 2.80000000e+02 1.14382183e-02 5.24091286e-02
  1.15008938e-02 7.78921340e-01]
 [1.50000000e+01 3.00000000e+02 1.14382183e-02 3.36070867e-02
  1.14954175e-02 7.76675820e-01]
 [1.60000000e+01 3.20000000e+02 1.14382183e-02 4.10011448e-02
  1.14903076e-02 6.70451177e-01]
 [1.70000000e+01 3.40000000e+02 1.13930092e-02 3.20261147e-02
  1.14747170e-02 6.10896033e-01]
 [1.80000000e+01 3.60000000e+02 1.13508969e-02 3.02101105e-02
  1.14623504e-02 5.87619522e-01]
 [1.90000000e+01 3.80000000e+02 1.13508969e-02 1.80246024e-02
  1.14485574e-02 5.92915744e-01]
 [2.00000000e+01 4.00000000e+02 1.13508969e-02 1.96520756e-02
  1.14419324e-02 5.87753607e-01]
 [2.10000000e+01 4.20000000e+02 1.13508969e-02 1.27846462e-02
  1.14296846e-02 5.28695777e-01]
 [2.20000000e+01 4.40000000e+02 1.13508969e-02 8.68469486e-03
  1.14280600e-02 4.40611821e-01]
 [2.30000000e+01 4.60000000e+02 1.13508969e-02 1.33601423e-02
  1.14233023e-02 4.16886908e-01]
 [2.40000000e+01 4.80000000e+02 1.13508969e-02 7.77336015e-03
  1.14190829e-02 3.91344070e-01]
 [2.50000000e+01 5.00000000e+02 1.13508969e-02 7.99528979e-03
  1.14121218e-02 4.15170374e-01]
 [2.60000000e+01 5.20000000e+02 1.13508969e-02 8.66092093e-03
  1.14103575e-02 4.42409999e-01]
 [2.70000000e+01 5.40000000e+02 1.13447855e-02 9.01803498e-03
  1.14000773e-02 3.10966331e-01]
 [2.80000000e+01 5.60000000e+02 1.13447855e-02 1.13519565e-02
  1.13971801e-02 3.09067284e-01]
 [2.90000000e+01 5.80000000e+02 1.13447855e-02 9.98802785e-03
  1.13928415e-02 3.09164064e-01]
 [3.00000000e+01 6.00000000e+02 1.13447855e-02 9.78741832e-03
  1.13912393e-02 3.01477458e-01]
 [3.10000000e+01 6.20000000e+02 1.13447855e-02 1.00717176e-02
  1.13886094e-02 2.76054163e-01]
 [3.20000000e+01 6.40000000e+02 1.13447855e-02 7.25187198e-03
  1.13853094e-02 2.45567903e-01]
 [3.30000000e+01 6.60000000e+02 1.13430662e-02 1.55179076e-02
  1.13820397e-02 2.48051232e-01]
 [3.40000000e+01 6.80000000e+02 1.13386492e-02 1.42842611e-02
  1.13749950e-02 3.09694490e-01]
 [3.50000000e+01 7.00000000e+02 1.13386492e-02 1.44284759e-02
  1.13688739e-02 2.71581629e-01]
 [3.60000000e+01 7.20000000e+02 1.13386492e-02 1.65648665e-02
  1.13683515e-02 2.81722255e-01]
 [3.70000000e+01 7.40000000e+02 1.13386492e-02 1.26285005e-02
  1.13667020e-02 2.79910071e-01]
 [3.80000000e+01 7.60000000e+02 1.13386492e-02 1.50166845e-02
  1.13666201e-02 2.69704397e-01]
 [3.90000000e+01 7.80000000e+02 1.13386492e-02 1.28728173e-02
  1.13650585e-02 2.73068713e-01]
 [4.00000000e+01 8.00000000e+02 1.13386492e-02 1.22504083e-02
  1.13639678e-02 2.48483976e-01]
 [4.10000000e+01 8.20000000e+02 1.13386492e-02 1.32987540e-02
  1.13639678e-02 2.54258378e-01]
 [4.20000000e+01 8.40000000e+02 1.13386492e-02 1.06842462e-02
  1.13631443e-02 2.51257111e-01]
 [4.30000000e+01 8.60000000e+02 1.13386492e-02 8.94901919e-03
  1.13631443e-02 2.03696115e-01]
 [4.40000000e+01 8.80000000e+02 1.13386492e-02 6.60933181e-03
  1.13619431e-02 2.57167193e-01]
 [4.50000000e+01 9.00000000e+02 1.13386492e-02 8.17742247e-03
  1.13594250e-02 2.44888533e-01]
 [4.60000000e+01 9.20000000e+02 1.13386492e-02 7.34357650e-03
  1.13579334e-02 2.10956727e-01]
 [4.70000000e+01 9.40000000e+02 1.13386492e-02 6.72905365e-03
  1.13578520e-02 2.09621235e-01]
 [4.80000000e+01 9.60000000e+02 1.13386492e-02 8.94636225e-03
  1.13578201e-02 1.95392376e-01]
 [4.90000000e+01 9.80000000e+02 1.13386492e-02 8.34210728e-03
  1.13575493e-02 2.03786925e-01]
 [5.00000000e+01 1.00000000e+03 1.13386492e-02 3.71375888e-03
  1.13575493e-02 2.35484231e-01]]