[[1.00000000e+00 2.00000000e+01 1.19659806e-02 1.78206226e-01
  1.36505883e-02 2.68586559e+00]
 [2.00000000e+00 4.00000000e+01 1.19659806e-02 1.76663376e-01
  1.31672644e-02 2.82772943e+00]
 [3.00000000e+00 6.00000000e+01 1.19659806e-02 1.10846676e-01
  1.27020975e-02 2.71062707e+00]
 [4.00000000e+00 8.00000000e+01 1.17880170e-02 8.97557890e-02
  1.24733644e-02 2.66911665e+00]
 [5.00000000e+00 1.00000000e+02 1.17880170e-02 7.90839085e-02
  1.22565831e-02 2.70181421e+00]
 [6.00000000e+00 1.20000000e+02 1.15688144e-02 2.41728177e-01
  1.21329922e-02 2.68171828e+00]
 [7.00000000e+00 1.40000000e+02 1.15688144e-02 1.73828921e-01
  1.20590605e-02 2.59814431e+00]
 [8.00000000e+00 1.60000000e+02 1.15688144e-02 1.65404769e-01
  1.19345370e-02 2.67830455e+00]
 [9.00000000e+00 1.80000000e+02 1.15650091e-02 9.41808237e-02
  1.19240171e-02 2.58659000e+00]
 [1.00000000e+01 2.00000000e+02 1.15345418e-02 1.34160212e-01
  1.18376240e-02 2.54233144e+00]
 [1.10000000e+01 2.20000000e+02 1.14431615e-02 1.06502167e-01
  1.17579101e-02 2.24044161e+00]
 [1.20000000e+01 2.40000000e+02 1.14095212e-02 1.31667171e-01
  1.16743064e-02 2.11330020e+00]
 [1.30000000e+01 2.60000000e+02 1.13710515e-02 1.39256645e-01
  1.16119405e-02 1.97610022e+00]
 [1.40000000e+01 2.80000000e+02 1.13449949e-02 1.03591266e-01
  1.15311261e-02 2.06249037e+00]
 [1.50000000e+01 3.00000000e+02 1.13449949e-02 9.66636803e-02
  1.15193145e-02 2.12814116e+00]
 [1.60000000e+01 3.20000000e+02 1.12902067e-02 6.84777780e-02
  1.14718875e-02 2.00971534e+00]
 [1.70000000e+01 3.40000000e+02 1.12534569e-02 4.83544988e-02
  1.14419077e-02 1.86571021e+00]
 [1.80000000e+01 3.60000000e+02 1.12433482e-02 5.93211164e-02
  1.13738845e-02 1.78862958e+00]
 [1.90000000e+01 3.80000000e+02 1.12433482e-02 4.56599939e-02
  1.13355048e-02 1.82691280e+00]
 [2.00000000e+01 4.00000000e+02 1.11676538e-02 3.74637022e-02
  1.13178919e-02 1.81663606e+00]
 [2.10000000e+01 4.20000000e+02 1.11434622e-02 3.34385657e-02
  1.12987465e-02 1.84188167e+00]
 [2.20000000e+01 4.40000000e+02 1.10714393e-02 3.58143527e-02
  1.12718491e-02 1.81563911e+00]
 [2.30000000e+01 4.60000000e+02 1.10576652e-02 4.09168784e-02
  1.12096569e-02 1.70094381e+00]
 [2.40000000e+01 4.80000000e+02 1.09798015e-02 2.88151235e-02
  1.11748824e-02 1.73351049e+00]
 [2.50000000e+01 5.00000000e+02 1.09798015e-02 2.07417094e-02
  1.11394237e-02 1.73869924e+00]
 [2.60000000e+01 5.20000000e+02 1.09577804e-02 1.51353655e-02
  1.11113003e-02 1.67113076e+00]
 [2.70000000e+01 5.40000000e+02 1.09577804e-02 1.09888472e-02
  1.10999706e-02 1.39752139e+00]
 [2.80000000e+01 5.60000000e+02 1.09577804e-02 1.37129548e-02
  1.10849989e-02 1.41392964e+00]
 [2.90000000e+01 5.80000000e+02 1.09577804e-02 1.02848860e-02
  1.10707164e-02 1.31649838e+00]
 [3.00000000e+01 6.00000000e+02 1.09577804e-02 1.50055939e-02
  1.10623032e-02 1.29121217e+00]
 [3.10000000e+01 6.20000000e+02 1.09577804e-02 1.50144327e-02
  1.10545889e-02 1.28826338e+00]
 [3.20000000e+01 6.40000000e+02 1.09577804e-02 9.83918471e-03
  1.10400213e-02 1.19314690e+00]
 [3.30000000e+01 6.60000000e+02 1.09577804e-02 1.09487446e-02
  1.10262640e-02 9.66476039e-01]
 [3.40000000e+01 6.80000000e+02 1.09577804e-02 1.65736984e-02
  1.10130876e-02 9.86239743e-01]
 [3.50000000e+01 7.00000000e+02 1.09402537e-02 1.70243823e-02
  1.09977424e-02 8.29523293e-01]
 [3.60000000e+01 7.20000000e+02 1.09402537e-02 1.36054996e-02
  1.09950058e-02 8.73689650e-01]
 [3.70000000e+01 7.40000000e+02 1.09177976e-02 2.42734179e-02
  1.09922663e-02 9.03949424e-01]
 [3.80000000e+01 7.60000000e+02 1.09177976e-02 1.72952019e-02
  1.09907668e-02 8.82736969e-01]
 [3.90000000e+01 7.80000000e+02 1.09177976e-02 2.77623139e-02
  1.09904211e-02 8.80399652e-01]
 [4.00000000e+01 8.00000000e+02 1.09177976e-02 3.46236533e-02
  1.09863665e-02 8.57585912e-01]
 [4.10000000e+01 8.20000000e+02 1.09177976e-02 1.88537657e-02
  1.09818740e-02 8.67594301e-01]
 [4.20000000e+01 8.40000000e+02 1.09177976e-02 3.16685742e-02
  1.09766113e-02 9.26479728e-01]
 [4.30000000e+01 8.60000000e+02 1.09177976e-02 3.25258394e-02
  1.09746561e-02 9.08901256e-01]
 [4.40000000e+01 8.80000000e+02 1.09177976e-02 1.93285939e-02
  1.09717563e-02 9.28083683e-01]
 [4.50000000e+01 9.00000000e+02 1.08849746e-02 2.94577905e-02
  1.09628637e-02 8.64457036e-01]
 [4.60000000e+01 9.20000000e+02 1.08849746e-02 1.90338604e-02
  1.09591383e-02 8.98910944e-01]
 [4.70000000e+01 9.40000000e+02 1.08849746e-02 4.64807484e-02
  1.09567795e-02 9.28337634e-01]
 [4.80000000e+01 9.60000000e+02 1.08849746e-02 3.37464185e-02
  1.09511580e-02 8.97104414e-01]
 [4.90000000e+01 9.80000000e+02 1.08849746e-02 5.40273593e-02
  1.09477753e-02 8.47212161e-01]
 [5.00000000e+01 1.00000000e+03 1.08849746e-02 4.29241180e-02
  1.09428190e-02 8.87904437e-01]]