[[1.00000000e+00 2.00000000e+01 8.86936477e-03 8.48123992e-01
  2.07229963e-01 1.04476180e+04 4.21251564e-02]
 [2.00000000e+00 4.00000000e+01 7.59860777e-03 5.38060603e-01
  5.58834587e-01 9.62129688e+03 3.47132791e-02]
 [3.00000000e+00 6.00000000e+01 7.58167629e-03 4.11714162e-01
  5.29158770e-01 9.83136288e+03 3.47302106e-02]
 [4.00000000e+00 8.00000000e+01 7.58167629e-03 4.11714162e-01
  5.29158770e-01 1.36962310e+04 1.55050480e-02]
 [5.00000000e+00 1.00000000e+02 6.82827433e-03 4.47553277e-01
  9.87582984e-01 8.07490697e+03 1.17961934e-02]
 [6.00000000e+00 1.20000000e+02 6.82827433e-03 4.47553277e-01
  9.87582984e-01 8.07490697e+03 1.17961934e-02]
 [7.00000000e+00 1.40000000e+02 6.82827433e-03 4.47553277e-01
  9.87582984e-01 8.07490697e+03 1.17961934e-02]
 [8.00000000e+00 1.60000000e+02 6.73011019e-03 4.11714162e-01
  5.29158770e-01 1.22504688e+04 1.18943575e-02]
 [9.00000000e+00 1.80000000e+02 6.73011019e-03 4.11714162e-01
  5.29158770e-01 7.63988599e+03 1.09039778e-02]
 [1.00000000e+01 2.00000000e+02 6.72784126e-03 3.51495487e-01
  1.89593875e-01 9.73129656e+03 1.09062467e-02]
 [1.10000000e+01 2.20000000e+02 6.68907381e-03 3.51495487e-01
  1.89593875e-01 9.73136457e+03 1.09450141e-02]
 [1.20000000e+01 2.40000000e+02 6.68907381e-03 3.51495487e-01
  1.89593875e-01 9.73136457e+03 1.09450141e-02]
 [1.30000000e+01 2.60000000e+02 6.68907381e-03 3.51495487e-01
  1.89593875e-01 9.73136457e+03 1.09450141e-02]
 [1.40000000e+01 2.80000000e+02 6.68907381e-03 3.51495487e-01
  1.89593875e-01 9.73136457e+03 1.09450141e-02]
 [1.50000000e+01 3.00000000e+02 6.68907381e-03 3.51495487e-01
  1.89593875e-01 9.73136457e+03 1.09450141e-02]
 [1.60000000e+01 3.20000000e+02 6.59003178e-03 4.11714162e-01
  5.29158770e-01 1.01685225e+04 1.10440562e-02]
 [1.70000000e+01 3.40000000e+02 6.59003178e-03 4.11714162e-01
  5.29158770e-01 1.01685225e+04 1.10440562e-02]
 [1.80000000e+01 3.60000000e+02 6.59003178e-03 4.11714162e-01
  5.29158770e-01 1.01685225e+04 1.10440562e-02]
 [1.90000000e+01 3.80000000e+02 6.59003178e-03 4.11714162e-01
  5.29158770e-01 8.79353078e+03 6.56695907e-03]
 [2.00000000e+01 4.00000000e+02 6.59003178e-03 4.11714162e-01
  5.29158770e-01 8.79353078e+03 6.56695907e-03]
 [2.10000000e+01 4.20000000e+02 6.59003178e-03 4.11714162e-01
  5.29158770e-01 8.79353078e+03 6.56695907e-03]
 [2.20000000e+01 4.40000000e+02 6.59003178e-03 4.11714162e-01
  5.29158770e-01 8.79353078e+03 6.56695907e-03]
 [2.30000000e+01 4.60000000e+02 6.59003178e-03 4.11714162e-01
  5.29158770e-01 8.22867273e+03 4.16554988e-03]
 [2.40000000e+01 4.80000000e+02 6.59003178e-03 4.11714162e-01
  5.29158770e-01 8.22867273e+03 4.16554988e-03]
 [2.50000000e+01 5.00000000e+02 6.59003178e-03 4.11714162e-01
  5.29158770e-01 9.67322277e+03 3.75878347e-03]
 [2.60000000e+01 5.20000000e+02 6.59003178e-03 4.11714162e-01
  5.29158770e-01 9.67322277e+03 3.75878347e-03]
 [2.70000000e+01 5.40000000e+02 6.59003178e-03 4.11714162e-01
  5.29158770e-01 9.67322277e+03 3.75878347e-03]
 [2.80000000e+01 5.60000000e+02 6.59003178e-03 4.11714162e-01
  5.29158770e-01 9.67322277e+03 3.75878347e-03]
 [2.90000000e+01 5.80000000e+02 6.59003178e-03 4.11714162e-01
  5.29158770e-01 9.67322277e+03 3.75878347e-03]
 [3.00000000e+01 6.00000000e+02 6.59003178e-03 4.11714162e-01
  5.29158770e-01 1.23293204e+04 3.40190495e-03]
 [3.10000000e+01 6.20000000e+02 6.59003178e-03 4.11714162e-01
  5.29158770e-01 1.23293204e+04 3.40190495e-03]
 [3.20000000e+01 6.40000000e+02 6.59003178e-03 4.11714162e-01
  5.29158770e-01 1.23293204e+04 3.40190495e-03]
 [3.30000000e+01 6.60000000e+02 6.59003178e-03 4.11714162e-01
  5.29158770e-01 1.23293204e+04 3.40190495e-03]
 [3.40000000e+01 6.80000000e+02 6.59003178e-03 4.11714162e-01
  5.29158770e-01 1.23293204e+04 3.40190495e-03]
 [3.50000000e+01 7.00000000e+02 6.59003178e-03 4.11714162e-01
  5.29158770e-01 1.23293204e+04 3.40190495e-03]
 [3.60000000e+01 7.20000000e+02 6.59003178e-03 4.11714162e-01
  5.29158770e-01 1.23293204e+04 3.40190495e-03]
 [3.70000000e+01 7.40000000e+02 6.59003178e-03 4.11714162e-01
  5.29158770e-01 1.23293204e+04 3.40190495e-03]
 [3.80000000e+01 7.60000000e+02 6.59003178e-03 4.11714162e-01
  5.29158770e-01 1.23293204e+04 3.40190495e-03]
 [3.90000000e+01 7.80000000e+02 6.59003178e-03 4.11714162e-01
  5.29158770e-01 1.23293204e+04 3.40190495e-03]
 [4.00000000e+01 8.00000000e+02 6.59003178e-03 4.11714162e-01
  5.29158770e-01 1.23293204e+04 3.40190495e-03]
 [4.10000000e+01 8.20000000e+02 6.59003178e-03 4.11714162e-01
  5.29158770e-01 1.23293204e+04 3.40190495e-03]
 [4.20000000e+01 8.40000000e+02 6.59003178e-03 4.11714162e-01
  5.29158770e-01 1.23293204e+04 3.40190495e-03]
 [4.30000000e+01 8.60000000e+02 6.59003178e-03 4.11714162e-01
  5.29158770e-01 1.23293204e+04 3.40190495e-03]
 [4.40000000e+01 8.80000000e+02 6.59003178e-03 4.11714162e-01
  5.29158770e-01 1.23293204e+04 3.40190495e-03]
 [4.50000000e+01 9.00000000e+02 6.59003178e-03 4.11714162e-01
  5.29158770e-01 1.23293204e+04 3.40190495e-03]
 [4.60000000e+01 9.20000000e+02 6.59003178e-03 4.11714162e-01
  5.29158770e-01 1.23293204e+04 3.40190495e-03]
 [4.70000000e+01 9.40000000e+02 6.59003178e-03 4.11714162e-01
  5.29158770e-01 1.23293204e+04 3.40190495e-03]
 [4.80000000e+01 9.60000000e+02 6.59003178e-03 4.11714162e-01
  5.29158770e-01 1.23293204e+04 3.40190495e-03]
 [4.90000000e+01 9.80000000e+02 6.59003178e-03 4.11714162e-01
  5.29158770e-01 1.23293204e+04 3.40190495e-03]
 [5.00000000e+01 1.00000000e+03 6.59003178e-03 4.11714162e-01
  5.29158770e-01 1.23293204e+04 3.40190495e-03]]